0.000E+00	2.9999523E-03
2.000E-02	1.8999697E-02
4.000E-02	6.7998919E-02
6.000E-02	2.8999539E-02
8.000E-02	2.8999539E-02
1.000E-01	5.3999140E-02
1.200E-01	8.2998679E-02
1.400E-01	5.2999157E-02
1.600E-01	1.3999776E-02
1.800E-01	5.2999157E-02
2.000E-01	1.3399786E-01
2.200E-01	1.2399802E-01
2.400E-01	6.5998948E-02
2.600E-01	6.0999027E-02
2.800E-01	1.3299789E-01
3.000E-01	4.8999220E-02
3.200E-01	9.5998474E-02
3.400E-01	1.8799700E-01
3.600E-01	2.4299612E-01
3.800E-01	1.3299789E-01
4.000E-01	4.5999266E-02
4.200E-01	-8.0998713E-02
4.400E-01	-1.5599752E-01
4.600E-01	-8.4998646E-02
4.800E-01	-3.0999505E-02
5.000E-01	3.9999363E-02
5.200E-01	8.4998646E-02
5.400E-01	1.3199789E-01
5.600E-01	1.7999713E-01
5.800E-01	1.6199742E-01
6.000E-01	2.2999633E-02
6.200E-01	2.4999602E-02
6.400E-01	7.9998725E-02
6.600E-01	7.6998771E-02
6.800E-01	1.0999825E-01
7.000E-01	1.3099792E-01
7.200E-01	8.0998713E-02
7.400E-01	1.2999792E-02
7.600E-01	-1.5099760E-01
7.800E-01	-3.2999474E-01
8.000E-01	-5.3199153E-01
8.200E-01	-6.4598969E-01
8.400E-01	-5.2499163E-01
8.600E-01	-4.1499339E-01
8.800E-01	-4.0099359E-01
9.000E-01	-5.1499179E-01
9.200E-01	-5.6899095E-01
9.400E-01	-5.7199090E-01
9.600E-01	-5.2799158E-01
9.800E-01	-4.9699209E-01
1.000E+00	-4.9799205E-01
1.020E+00	-5.4999124E-01
1.040E+00	-4.9199217E-01
1.060E+00	-4.3099312E-01
1.080E+00	-3.6199423E-01
1.100E+00	-2.7999554E-01
1.120E+00	-2.0399675E-01
1.140E+00	-1.4699765E-01
1.160E+00	-2.1299659E-01
1.180E+00	-4.6999249E-02
1.200E+00	2.1499657E-01
1.220E+00	4.7899238E-01
1.240E+00	5.7999076E-01
1.260E+00	1.8799700E-01
1.280E+00	-1.2199805E-01
1.300E+00	-5.3799142E-01
1.320E+00	-9.6798461E-01
1.340E+00	-1.0999825E+00
1.360E+00	-1.0599831E+00
1.380E+00	-1.0699830E+00
1.400E+00	-9.9898412E-01
1.420E+00	-9.3598507E-01
1.440E+00	-1.1299820E+00
1.460E+00	-1.4699765E+00
1.480E+00	-1.2099808E+00
1.500E+00	-1.0999825E+00
1.520E+00	-8.5798636E-01
1.540E+00	-6.3598985E-01
1.560E+00	-3.7999395E-01
1.580E+00	-1.5499753E-01
1.600E+00	1.0699829E-01
1.620E+00	3.3799461E-01
1.640E+00	5.9899047E-01
1.660E+00	8.3498669E-01
1.680E+00	1.0899827E+00
1.700E+00	1.3299789E+00
1.720E+00	1.4899762E+00
1.740E+00	1.1899811E+00
1.760E+00	1.1099824E+00
1.780E+00	9.9998410E-01
1.800E+00	1.0799828E+00
1.820E+00	8.2398689E-01
1.840E+00	3.6899413E-01
1.860E+00	-2.2499641E-01
1.880E+00	-1.4799764E+00
1.900E+00	-1.7899714E+00
1.920E+00	-1.5899746E+00
1.940E+00	-1.6899730E+00
1.960E+00	-1.5199757E+00
1.980E+00	-1.4499768E+00
2.000E+00	-1.3499785E+00
2.020E+00	-1.2699798E+00
2.040E+00	-1.1799812E+00
2.060E+00	-1.0899827E+00
2.080E+00	-9.9698405E-01
2.100E+00	-7.6398784E-01
2.120E+00	-5.9499052E-01
2.140E+00	-9.4998487E-02
2.160E+00	5.4199137E-01
2.180E+00	1.0599831E+00
2.200E+00	7.6998773E-01
2.220E+00	5.8499068E-01
2.240E+00	2.4699607E-01
2.260E+00	-1.2799796E-01
2.280E+00	-6.7498925E-01
2.300E+00	-8.2598683E-01
2.320E+00	-5.2099169E-01
2.340E+00	-2.9999522E-01
2.360E+00	7.3998821E-02
2.380E+00	4.4699288E-01
2.400E+00	8.5198639E-01
2.420E+00	1.1199822E+00
2.440E+00	9.2198528E-01
2.460E+00	7.7498765E-01
2.480E+00	5.4399135E-01
2.500E+00	1.5599752E-01
2.520E+00	-1.8299708E-01
2.540E+00	-6.1199026E-01
2.560E+00	-6.9998885E-01
2.580E+00	-3.1799492E-01
2.600E+00	-3.7999394E-02
2.620E+00	2.8399547E-01
2.640E+00	5.9399055E-01
2.660E+00	9.1898537E-01
2.680E+00	1.1099824E+00
2.700E+00	6.5098961E-01
2.720E+00	2.6999570E-01
2.740E+00	-1.5099760E-01
2.760E+00	1.4399770E-01
2.780E+00	3.2999474E-01
2.800E+00	7.7198767E-01
2.820E+00	1.1799812E+00
2.840E+00	1.5899746E+00
2.860E+00	1.7799716E+00
2.880E+00	1.4899762E+00
2.900E+00	1.1799812E+00
2.920E+00	7.8798747E-01
2.940E+00	3.2599479E-01
2.960E+00	3.5099439E-01
2.980E+00	5.2899159E-01
3.000E+00	6.8998901E-01
3.020E+00	7.1098866E-01
3.040E+00	6.6298947E-01
3.060E+00	6.2099009E-01
3.080E+00	5.4199137E-01
3.100E+00	5.2099169E-01
3.120E+00	6.3398991E-01
3.140E+00	6.9798891E-01
3.160E+00	8.0998709E-01
3.180E+00	4.3099312E-01
3.200E+00	-5.4999124E-02
3.220E+00	-4.5899270E-01
3.240E+00	-2.0599672E-01
3.260E+00	-6.9998883E-03
3.280E+00	2.5999586E-01
3.300E+00	4.8599224E-01
3.320E+00	7.6398784E-01
3.340E+00	8.7898600E-01
3.360E+00	6.1099025E-01
3.380E+00	3.5099439E-01
3.400E+00	1.9799684E-01
3.420E+00	4.2899318E-01
3.440E+00	5.7899079E-01
3.460E+00	8.6398625E-01
3.480E+00	9.4598491E-01
3.500E+00	4.1399342E-01
3.520E+00	-5.8999061E-02
3.540E+00	-5.1099185E-01
3.560E+00	-9.2598523E-01
3.580E+00	-9.5298485E-01
3.600E+00	-9.3398513E-01
3.620E+00	-8.8798588E-01
3.640E+00	-8.6098626E-01
3.660E+00	-7.3998820E-01
3.680E+00	-6.2399007E-01
3.700E+00	-5.0099200E-01
3.720E+00	-3.7599399E-01
3.740E+00	-2.3999617E-01
3.760E+00	-1.2499801E-01
3.780E+00	1.4999761E-02
3.800E+00	-1.7099728E-01
3.820E+00	-4.2099328E-01
3.840E+00	-7.1098866E-01
3.860E+00	-6.4298979E-01
3.880E+00	-2.7699560E-01
3.900E+00	-6.4998965E-02
3.920E+00	1.6899730E-01
3.940E+00	-2.2999633E-01
3.960E+00	-5.8999060E-01
3.980E+00	-5.6999092E-01
4.000E+00	-6.4998965E-02
4.020E+00	1.4699765E-01
4.040E+00	2.0499673E-01
4.060E+00	2.0899667E-01
4.080E+00	4.3899302E-01
4.100E+00	5.0899191E-01
4.120E+00	4.8199233E-01
4.140E+00	-1.5599751E+00
4.160E+00	-9.8498434E-01
4.180E+00	-1.0699830E+00
4.200E+00	-6.7298931E-01
4.220E+00	-2.5599592E-01
4.240E+00	2.6099584E-01
4.260E+00	6.1499020E-01
4.280E+00	1.0199838E+00
4.300E+00	1.0899827E+00
4.320E+00	9.5398481E-01
4.340E+00	8.7498606E-01
4.360E+00	6.6098945E-01
4.380E+00	5.2299166E-01
4.400E+00	6.7598921E-01
4.420E+00	1.0799828E+00
4.440E+00	7.6998773E-01
4.460E+00	8.6898616E-01
4.480E+00	5.9199058E-01
4.500E+00	6.4498973E-01
4.520E+00	-1.0799828E+00
4.540E+00	-9.2998518E-01
4.560E+00	-1.0699830E+00
4.580E+00	-1.1699814E+00
4.600E+00	-1.0399835E+00
4.620E+00	-1.0099839E+00
4.640E+00	-1.5299756E+00
4.660E+00	-1.2499801E+00
4.680E+00	-1.1199822E+00
4.700E+00	-8.7398608E-01
4.720E+00	-6.1299022E-01
4.740E+00	-2.5799588E-01
4.760E+00	2.3999618E-02
4.780E+00	4.3799302E-01
4.800E+00	6.9398896E-01
4.820E+00	7.0798875E-01
4.840E+00	6.8998901E-01
4.860E+00	6.7298931E-01
4.880E+00	6.2299007E-01
4.900E+00	7.9398737E-01
4.920E+00	6.2998996E-01
4.940E+00	5.2499163E-01
4.960E+00	4.6299262E-01
4.980E+00	5.3299150E-01
5.000E+00	6.2299007E-01
5.020E+00	5.1699177E-01
5.040E+00	2.0599672E-01
5.060E+00	-6.6998931E-02
5.080E+00	-1.3199789E-01
5.100E+00	4.8999220E-02
5.120E+00	5.3599145E-01
5.140E+00	9.9998410E-01
5.160E+00	3.2299484E-01
5.180E+00	-1.8099712E-01
5.200E+00	1.1699813E-01
5.220E+00	4.6099264E-01
5.240E+00	7.1598858E-01
5.260E+00	1.0599831E+00
5.280E+00	1.2199806E+00
5.300E+00	1.0999825E+00
5.320E+00	5.2799158E-01
5.340E+00	1.6999730E-02
5.360E+00	4.5999266E-02
5.380E+00	-1.3999777E-01
5.400E+00	-1.0699829E-01
5.420E+00	-3.3799461E-01
5.440E+00	-7.7998757E-01
5.460E+00	-9.9998410E-01
5.480E+00	-9.8998426E-01
5.500E+00	-9.3098515E-01
5.520E+00	-6.8298915E-01
5.540E+00	-4.4099296E-01
5.560E+00	-2.1099665E-01
5.580E+00	1.6999730E-02
5.600E+00	1.9799684E-01
5.620E+00	5.7799078E-01
5.640E+00	5.3099153E-01
5.660E+00	8.3998658E-02
5.680E+00	-7.3998821E-02
5.700E+00	-4.0299357E-01
5.720E+00	-5.3299150E-01
5.740E+00	-4.9799205E-01
5.760E+00	-3.0099520E-01
5.780E+00	-1.0599831E-01
5.800E+00	-4.4399294E-01
5.820E+00	-7.9198735E-01
5.840E+00	-4.7099248E-01
5.860E+00	-4.1399342E-01
5.880E+00	-1.3799781E-01
5.900E+00	9.7998440E-02
5.920E+00	3.2299484E-01
5.940E+00	9.9998410E-03
5.960E+00	-2.8699544E-01
5.980E+00	-4.0499355E-01
6.000E+00	-2.3499625E-01
6.020E+00	-1.6699734E-01
6.040E+00	6.6998931E-02
6.060E+00	2.3699623E-01
6.080E+00	4.0499355E-01
6.100E+00	3.3899461E-01
6.120E+00	1.3399786E-01
6.140E+00	-4.7999237E-02
6.160E+00	-2.7099568E-01
6.180E+00	-4.3899302E-01
6.200E+00	-1.2499801E-01
6.220E+00	1.1799812E-01
6.240E+00	4.7199249E-01
6.260E+00	6.3698986E-01
6.280E+00	2.1199663E-01
6.300E+00	-6.3998981E-02
6.320E+00	-4.1999331E-01
6.340E+00	-6.6098945E-01
6.360E+00	-5.5799110E-01
6.380E+00	-4.9999203E-01
6.400E+00	-3.5299437E-01
6.420E+00	-1.7299724E-01
6.440E+00	-4.9999203E-03
6.460E+00	1.6099744E-01
6.480E+00	1.3199789E-01
6.500E+00	1.3999777E-01
6.520E+00	1.1699813E-01
6.540E+00	3.0999506E-01
6.560E+00	2.8799540E-01
6.580E+00	1.5399754E-01
6.600E+00	8.4998646E-02
6.620E+00	-7.5998788E-02
6.640E+00	-1.8099712E-01
6.660E+00	-3.6599415E-01
6.680E+00	-2.9099536E-01
6.700E+00	-1.2999792E-02
6.720E+00	2.7399563E-01
6.740E+00	2.4499609E-01
6.760E+00	1.0899826E-01
6.780E+00	9.1998532E-02
6.800E+00	-1.0299836E-01
6.820E+00	-2.3999617E-01
6.840E+00	-4.0699352E-01
6.860E+00	-5.2599161E-01
6.880E+00	-4.9399215E-01
6.900E+00	-7.1898856E-01
6.920E+00	-5.2299166E-01
6.940E+00	-2.5999586E-01
6.960E+00	1.3099792E-01
6.980E+00	6.9298899E-01
7.000E+00	8.7298612E-01
7.020E+00	6.1599017E-01
7.040E+00	4.1899334E-01
7.060E+00	-9.0998554E-02
7.080E+00	-5.4899127E-01
7.100E+00	-9.2898521E-01
7.120E+00	-8.5298644E-01
7.140E+00	-5.7799078E-01
7.160E+00	-3.9599367E-01
7.180E+00	-6.5798955E-01
7.200E+00	-7.1798859E-01
7.220E+00	-3.4099455E-01
7.240E+00	-4.2999316E-02
7.260E+00	2.6199583E-01
7.280E+00	5.6699098E-01
7.300E+00	8.0098723E-01
7.320E+00	9.6098467E-01
7.340E+00	8.5598634E-01
7.360E+00	6.6098945E-01
7.380E+00	4.9799205E-01
7.400E+00	2.8399547E-01
7.420E+00	1.1299820E-01
7.440E+00	-1.7499721E-01
7.460E+00	-4.7599240E-01
7.480E+00	-7.3798828E-01
7.500E+00	-5.1699177E-01
7.520E+00	-3.6899413E-01
7.540E+00	-1.1299820E-01
7.560E+00	-2.4899603E-01
7.580E+00	-3.1699496E-01
7.600E+00	-4.7099248E-01
7.620E+00	-3.8899382E-01
7.640E+00	-2.3199631E-01
7.660E+00	-2.6999571E-02
7.680E+00	2.2599641E-01
7.700E+00	4.9299213E-01
7.720E+00	6.3198994E-01
7.740E+00	4.5999267E-01
7.760E+00	3.5299437E-01
7.780E+00	1.9899683E-01
7.800E+00	6.2998998E-02
7.820E+00	-1.2499801E-01
7.840E+00	-2.9899524E-01
7.860E+00	-3.8799381E-01
7.880E+00	-3.1999490E-01
7.900E+00	-1.7999713E-01
7.920E+00	-2.2899635E-01
7.940E+00	-3.6399421E-01
7.960E+00	-4.6199264E-01
7.980E+00	-5.7799078E-01
8.000E+00	-6.8998901E-01
8.020E+00	-7.5898792E-01
8.040E+00	-5.8299070E-01
8.060E+00	-4.3399310E-01
8.080E+00	-3.6699416E-01
8.100E+00	-6.3198994E-01
8.120E+00	-6.6198943E-01
8.140E+00	-5.2499163E-01
8.160E+00	-3.5299437E-01
8.180E+00	-2.2599641E-01
8.200E+00	5.0999186E-02
8.220E+00	-1.8799700E-01
8.240E+00	-4.2699320E-01
8.260E+00	-1.4899762E-01
8.280E+00	-1.2299804E-01
8.300E+00	7.8998742E-02
8.320E+00	2.4099617E-01
8.340E+00	1.9999682E-03
8.360E+00	-2.4299612E-01
8.380E+00	-4.7699241E-01
8.400E+00	-7.5198798E-01
8.420E+00	-9.9998410E-01
8.440E+00	-1.2799796E+00
8.460E+00	-9.5998471E-01
8.480E+00	-2.7799556E-01
8.500E+00	4.1899334E-01
8.520E+00	9.8898428E-01
8.540E+00	7.8998741E-01
8.560E+00	1.1399819E+00
8.580E+00	1.2199806E+00
8.600E+00	1.1199822E+00
8.620E+00	4.0899350E-01
8.640E+00	6.5298963E-01
8.660E+00	5.3199153E-01
8.680E+00	8.4698647E-01
8.700E+00	9.9998410E-04
8.720E+00	-2.3399627E-01
8.740E+00	-1.3399786E-01
8.760E+00	-3.3699464E-01
8.780E+00	-3.3099471E-01
8.800E+00	-1.9399691E-01
8.820E+00	1.5999745E-01
8.840E+00	4.7399246E-01
8.860E+00	6.0199042E-01
8.880E+00	3.1499498E-01
8.900E+00	2.0499673E-01
8.920E+00	6.9998885E-02
8.940E+00	3.8899382E-01
8.960E+00	8.3598666E-01
8.980E+00	9.9598407E-01
9.000E+00	1.0699830E+00
9.020E+00	1.0999825E+00
9.040E+00	7.8698743E-01
9.060E+00	7.1298867E-01
9.080E+00	7.4098818E-01
9.100E+00	7.4398816E-01
9.120E+00	7.7698759E-01
9.140E+00	8.4098658E-01
9.160E+00	8.5198639E-01
9.180E+00	9.0798556E-01
9.200E+00	2.2099649E-01
9.220E+00	5.1999169E-02
9.240E+00	1.3899778E-01
9.260E+00	7.2998838E-02
9.280E+00	1.8199711E-01
9.300E+00	2.2399643E-01
9.320E+00	3.1499498E-01
9.340E+00	2.8499546E-01
9.360E+00	6.3998981E-02
9.380E+00	-1.0799828E-01
9.400E+00	-3.5999427E-01
9.420E+00	-4.6099264E-01
9.440E+00	-3.4299453E-01
9.460E+00	-3.4299453E-01
9.480E+00	-2.7799556E-01
9.500E+00	-2.7299564E-01
9.520E+00	-6.3998980E-01
9.540E+00	-9.3498510E-01
9.560E+00	-7.4298819E-01
9.580E+00	-4.8499227E-01
9.600E+00	-4.9999203E-02
9.620E+00	3.5099439E-01
9.640E+00	4.5999267E-01
9.660E+00	8.8998578E-02
9.680E+00	-3.3199472E-01
9.700E+00	-6.3698986E-01
9.720E+00	-1.0199838E+00
9.740E+00	-7.2798843E-01
9.760E+00	-4.7399246E-01
9.780E+00	1.1899810E-01
9.800E+00	3.2599479E-01
9.820E+00	2.5299596E-01
9.840E+00	1.4399770E-01
9.860E+00	1.6099744E-01
9.880E+00	2.6199583E-01
9.900E+00	3.7699400E-01
9.920E+00	3.0499514E-01
9.940E+00	-2.1999650E-02
9.960E+00	-3.0699512E-01
9.980E+00	-6.9998885E-01
1.000E+01	-8.2998677E-01
1.002E+01	-9.3798509E-01
1.004E+01	-4.1599336E-01
1.006E+01	-5.4099137E-01
1.008E+01	-9.7998439E-01
1.010E+01	-4.1499339E-01
1.012E+01	9.4998487E-02
1.014E+01	6.0599033E-01
1.016E+01	9.6198464E-01
1.018E+01	9.8798429E-01
1.020E+01	4.5099280E-01
1.022E+01	-2.0999664E-02
1.024E+01	-3.7399405E-01
1.026E+01	-8.0998713E-02
1.028E+01	8.7998600E-02
1.030E+01	3.6299421E-01
1.032E+01	7.4598810E-01
1.034E+01	4.6799254E-01
1.036E+01	-3.8499387E-01
1.038E+01	-3.4999443E-02
1.040E+01	-2.4399611E-01
1.042E+01	-3.4999443E-02
1.044E+01	-2.3799620E-01
1.046E+01	-4.2699320E-01
1.048E+01	-2.8099552E-01
1.050E+01	-2.4299612E-01
1.052E+01	-1.3799781E-01
1.054E+01	-2.0999664E-02
1.056E+01	4.5999266E-02
1.058E+01	-8.8998578E-02
1.060E+01	-2.2299643E-01
1.062E+01	-4.1799333E-01
1.064E+01	-6.4298979E-01
1.066E+01	-4.7099248E-01
1.068E+01	-1.0899826E-01
1.070E+01	3.1999490E-01
1.072E+01	6.0699034E-01
1.074E+01	1.2499801E-01
1.076E+01	1.7399722E-01
1.078E+01	-2.7999554E-01
1.080E+01	3.9999363E-02
1.082E+01	2.9699528E-01
1.084E+01	5.0499195E-01
1.086E+01	4.2399326E-01
1.088E+01	9.2998520E-02
1.090E+01	-2.2199647E-01
1.092E+01	-3.5199440E-01
1.094E+01	-6.1999010E-02
1.096E+01	2.6699575E-01
1.098E+01	7.9098738E-01
1.100E+01	7.0898872E-01
1.102E+01	5.1899175E-01
1.104E+01	3.1799492E-01
1.106E+01	7.1998851E-02
1.108E+01	-1.4199773E-01
1.110E+01	-5.8399070E-01
1.112E+01	-1.0099839E+00
1.114E+01	-1.3799781E+00
1.116E+01	-1.3299789E+00
1.118E+01	-1.1799812E+00
1.120E+01	-7.0698870E-01
1.122E+01	-6.2998996E-01
1.124E+01	-7.5198798E-01
1.126E+01	-5.7399087E-01
1.128E+01	-3.0299516E-01
1.130E+01	-6.5998948E-02
1.132E+01	3.8499387E-01
1.134E+01	8.4198655E-01
1.136E+01	1.2299804E+00
1.138E+01	1.4399770E+00
1.140E+01	1.6999729E+00
1.142E+01	1.8999697E+00
1.144E+01	2.0999665E+00
1.146E+01	1.9799684E+00
1.148E+01	1.8299708E+00
1.150E+01	1.6499737E+00
1.152E+01	1.4499768E+00
1.154E+01	1.2299804E+00
1.156E+01	1.1699814E+00
1.158E+01	1.1999809E+00
1.160E+01	7.1398864E-01
1.162E+01	3.8499387E-01
1.164E+01	-8.4998646E-02
1.166E+01	-4.9899207E-01
1.168E+01	-9.3198512E-01
1.170E+01	-1.3399787E+00
1.172E+01	-1.6599735E+00
1.174E+01	-8.5098642E-01
1.176E+01	-4.5299278E-01
1.178E+01	-2.7999554E-02
1.180E+01	4.8799221E-01
1.182E+01	3.9399374E-01
1.184E+01	6.9998885E-02
1.186E+01	-4.0599352E-01
1.188E+01	-1.0299836E+00
1.190E+01	-1.1999809E+00
1.192E+01	-1.3699782E+00
1.194E+01	-1.3899779E+00
1.196E+01	-1.4499768E+00
1.198E+01	-1.1199822E+00
1.200E+01	-7.8298755E-01
1.202E+01	-3.6199423E-01
1.204E+01	-2.4599609E-01
1.206E+01	-5.4399135E-01
1.208E+01	-6.9798891E-01
1.210E+01	-9.1998534E-01
1.212E+01	-9.6598459E-01
1.214E+01	-8.3398673E-01
1.216E+01	-7.2398848E-01
1.218E+01	-5.6799094E-01
1.220E+01	-4.1099344E-01
1.222E+01	-2.5899587E-01
1.224E+01	-3.6999411E-02
1.226E+01	2.2599641E-01
1.228E+01	4.1299341E-01
1.230E+01	5.5599112E-01
1.232E+01	7.3298836E-01
1.234E+01	6.1699018E-01
1.236E+01	3.6099423E-01
1.238E+01	3.0899508E-01
1.240E+01	2.5199599E-01
1.242E+01	9.1998532E-02
1.244E+01	-4.5999266E-02
1.246E+01	-1.8799700E-01
1.248E+01	-2.0999665E-01
1.250E+01	-2.4499609E-01
1.252E+01	-2.5099601E-01
1.254E+01	-2.7299564E-01
1.256E+01	-2.0999665E-01
1.258E+01	-6.6998931E-02
1.260E+01	7.6998771E-02
1.262E+01	2.0199679E-01
1.264E+01	1.2499801E-01
1.266E+01	4.9999203E-02
1.268E+01	-3.0999505E-02
1.270E+01	-1.2599800E-01
1.272E+01	4.1599336E-01
1.274E+01	6.9998885E-01
1.276E+01	5.6799094E-01
1.278E+01	5.5899111E-01
1.280E+01	4.2199328E-01
1.282E+01	3.2699480E-01
1.284E+01	2.0299676E-01
1.286E+01	1.2999793E-01
1.288E+01	1.2499801E-01
1.290E+01	8.8998578E-02
1.292E+01	-1.1499817E-01
1.294E+01	-6.7998919E-02
1.296E+01	9.6998453E-02
1.298E+01	-6.2998998E-02
1.300E+01	-1.6799732E-01
1.302E+01	-4.2599320E-01
1.304E+01	-2.9799524E-01
1.306E+01	-9.5998474E-02
1.308E+01	9.3998499E-02
1.310E+01	3.9299373E-01
1.312E+01	4.0499355E-01
1.314E+01	2.0199679E-01
1.316E+01	4.9999203E-02
1.318E+01	-2.5699591E-01
1.320E+01	-3.7699400E-01
1.322E+01	-3.0699512E-01
1.324E+01	-2.6399579E-01
1.326E+01	-1.6799732E-01
1.328E+01	-7.7998759E-02
1.330E+01	4.4999283E-02
1.332E+01	1.8099712E-01
1.334E+01	3.5999426E-02
1.336E+01	-1.3799781E-01
1.338E+01	-2.8999538E-01
1.340E+01	-4.8799221E-01
1.342E+01	-4.0799349E-01
1.344E+01	-2.3899619E-01
1.346E+01	-6.0999027E-02
1.348E+01	4.9999203E-03
1.350E+01	-1.5899746E-01
1.352E+01	-2.6399579E-01
1.354E+01	-3.9799365E-01
1.356E+01	-2.9099536E-01
1.358E+01	-2.3699623E-01
1.360E+01	-9.8998416E-02
1.362E+01	3.0999505E-02
1.364E+01	1.6699734E-01
1.366E+01	3.0799508E-01
1.368E+01	4.2999314E-01
1.370E+01	5.9399055E-01
1.372E+01	5.3699145E-01
1.374E+01	1.7499721E-01
1.376E+01	-4.3999299E-02
1.378E+01	-2.4399611E-01
1.380E+01	-4.2799318E-01
1.382E+01	3.1399500E-01
1.384E+01	5.0499195E-01
1.386E+01	2.3699623E-01
1.388E+01	2.6499578E-01
1.390E+01	-1.5699749E-01
1.392E+01	-3.4199456E-01
1.394E+01	-2.2299643E-01
1.396E+01	-2.5599592E-01
1.398E+01	-3.8599383E-01
1.400E+01	-3.6099423E-01
1.402E+01	1.9999681E-02
1.404E+01	3.9299373E-01
1.406E+01	7.3798828E-01
1.408E+01	1.0299836E+00
1.410E+01	1.0999825E+00
1.412E+01	5.6599096E-01
1.414E+01	2.5499594E-01
1.416E+01	-1.4899762E-01
1.418E+01	-3.7899397E-01
1.420E+01	-1.8099712E-01
1.422E+01	-4.7999237E-02
1.424E+01	2.5099601E-01
1.426E+01	2.1099665E-01
1.428E+01	-2.0999664E-02
1.430E+01	-2.0699671E-01
1.432E+01	-4.9599208E-01
1.434E+01	-6.8298915E-01
1.436E+01	-4.2999314E-01
1.438E+01	-1.4699765E-01
1.440E+01	1.9999681E-02
1.442E+01	2.9899524E-01
1.444E+01	7.2498844E-01
1.446E+01	9.2798525E-01
1.448E+01	5.4999124E-02
1.450E+01	-5.6799094E-01
1.452E+01	-8.1898697E-01
1.454E+01	-6.8798907E-01
1.456E+01	-4.5999267E-01
1.458E+01	-1.7799716E-01
1.460E+01	1.1899810E-01
1.462E+01	3.7599399E-01
1.464E+01	5.9599048E-01
1.466E+01	5.1799173E-01
1.468E+01	2.0499673E-01
1.470E+01	5.7999078E-02
1.472E+01	-4.2199328E-01
1.474E+01	-3.9099375E-01
1.476E+01	-3.3899461E-01
1.478E+01	-5.0099200E-01
1.480E+01	-3.7699400E-01
1.482E+01	-3.0999506E-01
1.484E+01	-2.7399563E-01
1.486E+01	-3.5799429E-01
1.488E+01	-3.2899477E-01
1.490E+01	-1.6799732E-01
1.492E+01	3.4999443E-02
1.494E+01	2.2899635E-01
1.496E+01	6.6598937E-01
1.498E+01	7.5398800E-01
1.500E+01	4.3899302E-01
1.502E+01	2.3299628E-01
1.504E+01	-6.9998883E-03
1.506E+01	-2.9299532E-01
1.508E+01	-4.9399215E-01
1.510E+01	-3.1499498E-01
1.512E+01	-2.2599641E-01
1.514E+01	-4.0999346E-02
1.516E+01	6.8998902E-02
1.518E+01	-3.4999443E-02
1.520E+01	-1.7599720E-01
1.522E+01	-1.6999729E-01
1.524E+01	-4.6999249E-02
1.526E+01	7.5998788E-02
1.528E+01	3.3499466E-01
1.530E+01	4.2899318E-01
1.532E+01	3.0899508E-01
1.534E+01	2.3499625E-01
1.536E+01	7.0998868E-02
1.538E+01	9.5998474E-02
1.540E+01	3.7799397E-01
1.542E+01	4.5899270E-01
1.544E+01	5.0099200E-01
1.546E+01	3.6599415E-01
1.548E+01	3.0299516E-01
1.550E+01	1.7999713E-01
1.552E+01	2.2499641E-01
1.554E+01	2.2399643E-01
1.556E+01	2.7299564E-01
1.558E+01	2.3799620E-01
1.560E+01	1.5999745E-01
1.562E+01	9.6998453E-02
1.564E+01	3.5999426E-02
1.566E+01	-3.4999443E-02
1.568E+01	-2.0999664E-02
1.570E+01	4.3999299E-02
1.572E+01	1.8599704E-01
1.574E+01	3.6399421E-01
1.576E+01	4.6199264E-01
1.578E+01	5.7299086E-01
1.580E+01	7.0698870E-01
1.582E+01	6.0999028E-01
1.584E+01	2.4899603E-01
1.586E+01	7.4998805E-02
1.588E+01	5.6999090E-02
1.590E+01	4.9999203E-02
1.592E+01	6.3998981E-02
1.594E+01	-1.6999730E-02
1.596E+01	-3.0199520E-01
1.598E+01	-5.4799126E-01
1.600E+01	-4.8999219E-01
1.602E+01	-4.7099248E-01
1.604E+01	-3.3799461E-01
1.606E+01	-2.2299643E-01
1.608E+01	-7.5998788E-02
1.610E+01	3.6999411E-02
1.612E+01	1.8699703E-01
1.614E+01	2.8899540E-01
1.616E+01	4.1599336E-01
1.618E+01	4.9399215E-01
1.620E+01	6.3598985E-01
1.622E+01	4.8499227E-01
1.624E+01	2.3999617E-01
1.626E+01	6.1999010E-02
1.628E+01	-2.2099649E-01
1.630E+01	-2.4799604E-01
1.632E+01	1.0199837E-01
1.634E+01	-6.8998902E-02
1.636E+01	-1.6299740E-01
1.638E+01	-2.9199536E-01
1.640E+01	-4.4199296E-01
1.642E+01	-5.3499147E-01
1.644E+01	-3.7199408E-01
1.646E+01	-1.7899714E-01
1.648E+01	5.4999124E-02
1.650E+01	3.5299437E-01
1.652E+01	4.1499339E-01
1.654E+01	3.3099471E-01
1.656E+01	3.0399516E-01
1.658E+01	1.8999697E-01
1.660E+01	1.2199805E-01
1.662E+01	1.4999761E-02
1.664E+01	-4.9999203E-02
1.666E+01	-2.0699671E-01
1.668E+01	-2.9799524E-01
1.670E+01	-3.5899429E-01
1.672E+01	-4.3899302E-01
1.674E+01	-4.8299230E-01
1.676E+01	-4.4799286E-01
1.678E+01	-4.2199328E-01
1.680E+01	-3.7699400E-01
1.682E+01	-3.2699480E-01
1.684E+01	-2.7199568E-01
1.686E+01	-2.2499641E-01
1.688E+01	-1.6499737E-01
1.690E+01	-1.2499801E-01
1.692E+01	-1.1499817E-01
1.694E+01	-1.2199805E-01
1.696E+01	-1.1299820E-01
1.698E+01	-1.1799812E-01
1.700E+01	-2.9999523E-03
1.702E+01	8.1998691E-02
1.704E+01	2.5699591E-01
1.706E+01	3.6699416E-01
1.708E+01	5.2399167E-01
1.710E+01	-1.1099824E-01
1.712E+01	-3.0599512E-01
1.714E+01	-2.6499578E-01
1.716E+01	-3.2099487E-01
1.718E+01	-1.5899746E-01
1.720E+01	-4.9999203E-02
1.722E+01	8.7998600E-02
1.724E+01	1.5999746E-02
1.726E+01	-4.3999299E-02
1.728E+01	-1.5299757E-01
1.730E+01	-2.2999633E-01
1.732E+01	-1.7799716E-01
1.734E+01	-1.5099760E-01
1.736E+01	-9.0998554E-02
1.738E+01	-3.7999394E-02
1.740E+01	2.5999585E-02
1.742E+01	5.6999090E-02
1.744E+01	-3.9999363E-03
1.746E+01	-5.7999078E-02
1.748E+01	-1.2199805E-01
1.750E+01	-6.9998885E-02
1.752E+01	2.2099649E-01
1.754E+01	4.5999267E-01
1.756E+01	8.0498717E-01
1.758E+01	8.3098675E-01
1.760E+01	4.6199264E-01
1.762E+01	2.2799636E-01
1.764E+01	-9.0998554E-02
1.766E+01	-3.4499450E-01
1.768E+01	-5.9099056E-01
1.770E+01	-7.7898760E-01
1.772E+01	-8.5298644E-01
1.774E+01	-7.3998820E-01
1.776E+01	-6.4598969E-01
1.778E+01	-6.2998996E-01
1.780E+01	-5.7699082E-01
1.782E+01	-3.8999379E-01
1.784E+01	-2.4799604E-01
1.786E+01	-1.2499801E-01
1.788E+01	-1.8399706E-01
1.790E+01	-1.3399786E-01
1.792E+01	-2.7999554E-02
1.794E+01	1.8699703E-01
1.796E+01	1.6799732E-01
1.798E+01	3.6999411E-02
1.800E+01	-6.8998902E-02
1.802E+01	-8.0998713E-02
1.804E+01	7.9998726E-03
1.806E+01	3.6999411E-02
1.808E+01	1.1899810E-01
1.810E+01	1.7499721E-01
1.812E+01	2.4499609E-01
1.814E+01	3.0299516E-01
1.816E+01	3.6699416E-01
1.818E+01	4.1499339E-01
1.820E+01	3.8999379E-01
1.822E+01	3.6099423E-01
1.824E+01	3.3399469E-01
1.826E+01	2.5999586E-01
1.828E+01	1.4099776E-01
1.830E+01	2.1999650E-02
1.832E+01	-1.0199837E-01
1.834E+01	-1.8799700E-01
1.836E+01	-7.2998838E-02
1.838E+01	5.7999078E-02
1.840E+01	2.8299548E-01
1.842E+01	3.0099520E-01
1.844E+01	1.4799765E-01
1.846E+01	3.2999473E-02
1.848E+01	-1.7299724E-01
1.850E+01	-2.4299612E-01
1.852E+01	-2.2599641E-01
1.854E+01	-2.0599672E-01
1.856E+01	-1.4599768E-01
1.858E+01	-4.9999203E-03
1.860E+01	1.3399786E-01
1.862E+01	2.7599560E-01
1.864E+01	4.3099312E-01
1.866E+01	4.8399230E-01
1.868E+01	5.4599129E-01
1.870E+01	5.7599080E-01
1.872E+01	6.3998980E-01
1.874E+01	5.0299197E-01
1.876E+01	2.2999633E-01
1.878E+01	7.9998726E-03
1.880E+01	-2.7999554E-01
1.882E+01	-5.3299150E-01
1.884E+01	-8.1298707E-01
1.886E+01	-9.4098499E-01
1.888E+01	-7.6098786E-01
1.890E+01	-6.2898999E-01
1.892E+01	-3.6199423E-01
1.894E+01	-7.0998868E-02
1.896E+01	5.5999107E-02
1.898E+01	3.9999363E-02
1.900E+01	6.8998902E-02
1.902E+01	5.4999124E-02
1.904E+01	7.0998868E-02
1.906E+01	-7.9998725E-02
1.908E+01	-9.0998554E-02
1.910E+01	-1.0299836E-01
1.912E+01	-2.5799588E-01
1.914E+01	-3.6399421E-01
1.916E+01	-4.8099232E-01
1.918E+01	-5.4399135E-01
1.920E+01	-3.1699496E-01
1.922E+01	-9.3998499E-02
1.924E+01	4.9999203E-03
1.926E+01	-6.1999010E-02
1.928E+01	-1.0699829E-01
1.930E+01	-2.1299659E-01
1.932E+01	-5.6999090E-02
1.934E+01	5.6999090E-02
1.936E+01	1.9999681E-01
1.938E+01	3.1099505E-01
1.940E+01	4.4199296E-01
1.942E+01	4.4999283E-01
1.944E+01	5.0299197E-01
1.946E+01	5.3599145E-01
1.948E+01	4.5999267E-01
1.950E+01	3.3799461E-01
1.952E+01	2.3199631E-01
1.954E+01	8.0998713E-02
1.956E+01	-5.3999140E-02
1.958E+01	-2.0199679E-01
1.960E+01	-3.1799492E-01
1.962E+01	-4.4799286E-01
1.964E+01	-5.6699098E-01
1.966E+01	-6.5198958E-01
1.968E+01	-5.2399167E-01
1.970E+01	-4.1399342E-01
1.972E+01	-2.5099601E-01
1.974E+01	-8.6998612E-02
1.976E+01	1.0699829E-01
1.978E+01	2.9899524E-01
1.980E+01	4.8199233E-01
1.982E+01	6.7098929E-01
1.984E+01	7.1498860E-01
1.986E+01	4.8899223E-01
1.988E+01	3.7099407E-01
1.990E+01	1.6499737E-01
1.992E+01	-4.8999220E-02
1.994E+01	-2.5199599E-01
1.996E+01	-5.3099153E-01
1.998E+01	-6.5198958E-01
2.000E+01	-4.3199312E-01
2.002E+01	-3.0799508E-01
2.004E+01	-9.3998499E-02
2.006E+01	5.0999186E-02
2.008E+01	2.4199615E-01
2.010E+01	3.9099375E-01
2.012E+01	5.5099120E-01
2.014E+01	4.1199344E-01
2.016E+01	2.6199583E-01
2.018E+01	5.7999078E-02
2.020E+01	-1.3599784E-01
2.022E+01	-2.8699544E-01
2.024E+01	-3.1699496E-01
2.026E+01	-2.5699591E-01
2.028E+01	-1.4599768E-01
2.030E+01	-6.9998883E-03
2.032E+01	1.7499721E-01
2.034E+01	3.9799365E-01
2.036E+01	5.6499100E-01
2.038E+01	7.2198846E-01
2.040E+01	8.1198703E-01
2.042E+01	7.8398752E-01
2.044E+01	8.4298660E-01
2.046E+01	6.7998917E-01
2.048E+01	5.1099185E-01
2.050E+01	3.3999458E-01
2.052E+01	1.4699765E-01
2.054E+01	-3.2999473E-02
2.056E+01	-2.2799636E-01
2.058E+01	-4.0999347E-01
2.060E+01	-5.7999076E-01
2.062E+01	-3.8599383E-01
2.064E+01	-4.5299278E-01
2.066E+01	-5.7099088E-01
2.068E+01	-6.6798939E-01
2.070E+01	-7.8998741E-01
2.072E+01	-9.4798493E-01
2.074E+01	-9.1198544E-01
2.076E+01	-6.3398991E-01
2.078E+01	-2.6199583E-01
2.080E+01	2.3899619E-01
2.082E+01	8.4698647E-01
2.084E+01	9.1298548E-01
2.086E+01	7.3498828E-01
2.088E+01	6.1499020E-01
2.090E+01	3.6299421E-01
2.092E+01	1.5099760E-01
2.094E+01	-1.1799812E-01
2.096E+01	-3.1899491E-01
2.098E+01	-2.1699655E-01
2.100E+01	-1.6599736E-01
2.102E+01	-5.0999186E-02
2.104E+01	-8.5998634E-02
2.106E+01	-9.8998416E-02
2.108E+01	-1.6399738E-01
2.110E+01	-2.7999554E-02
2.112E+01	1.7599720E-01
2.114E+01	3.8599383E-01
2.116E+01	4.6299262E-01
2.118E+01	3.6199423E-01
2.120E+01	2.8399547E-01
2.122E+01	1.5999745E-01
2.124E+01	1.4999761E-02
2.126E+01	-1.4499768E-01
2.128E+01	-2.9999522E-01
2.130E+01	-4.6599256E-01
2.132E+01	-5.7799078E-01
2.134E+01	-5.0299197E-01
2.136E+01	-4.5299278E-01
2.138E+01	-3.6699416E-01
2.140E+01	-2.7299564E-01
2.142E+01	-2.1799651E-01
2.144E+01	-3.4499450E-01
2.146E+01	-3.6599415E-01
2.148E+01	-4.7299246E-01
2.150E+01	-4.9099216E-01
2.152E+01	-2.9899524E-01
2.154E+01	-1.1199821E-01
2.156E+01	8.0998713E-02
2.158E+01	3.0799508E-01
2.160E+01	2.1199663E-01
2.162E+01	2.4999602E-02
2.164E+01	-1.3799781E-01
2.166E+01	-3.7999395E-01
2.168E+01	-4.5899270E-01
2.170E+01	-3.3899461E-01
2.172E+01	-2.4499609E-01
2.174E+01	-7.8998742E-02
2.176E+01	7.3998821E-02
2.178E+01	2.2399643E-01
2.180E+01	3.3799461E-01
2.182E+01	4.1299341E-01
2.184E+01	2.8399547E-01
2.186E+01	2.6999570E-01
2.188E+01	1.8899699E-01
2.190E+01	1.3299789E-01
2.192E+01	6.6998931E-02
2.194E+01	1.9999682E-03
2.196E+01	-9.3998499E-02
2.198E+01	-1.7899714E-01
2.200E+01	-2.7499562E-01
2.202E+01	-3.5799429E-01
2.204E+01	-2.7799556E-01
2.206E+01	-1.6299740E-01
2.208E+01	-5.3999140E-02
2.210E+01	9.4998487E-02
2.212E+01	1.6599736E-01
2.214E+01	2.0099680E-01
2.216E+01	3.0199520E-01
2.218E+01	3.6999411E-01
2.220E+01	4.5399278E-01
2.222E+01	3.5399437E-01
2.224E+01	2.1699655E-01
2.226E+01	7.2998838E-02
2.228E+01	-6.5998948E-02
2.230E+01	5.1999169E-02
2.232E+01	1.6699734E-01
2.234E+01	2.9299532E-01
2.236E+01	4.7699241E-01
2.238E+01	3.3499466E-01
2.240E+01	9.9998410E-04
2.242E+01	-1.3399786E-01
2.244E+01	-3.7899397E-01
2.246E+01	-6.5798955E-01
2.248E+01	-6.7298931E-01
2.250E+01	-3.2899477E-01
2.252E+01	-1.6499737E-01
2.254E+01	1.4799765E-01
2.256E+01	4.2799318E-01
2.258E+01	7.1098866E-01
2.260E+01	5.1899175E-01
2.262E+01	3.5599431E-01
2.264E+01	5.0999186E-02
2.266E+01	-4.3599304E-01
2.268E+01	-5.1399183E-01
2.270E+01	-4.6899254E-01
2.272E+01	-4.0199360E-01
2.274E+01	-2.2299643E-01
2.276E+01	-1.0699829E-01
2.278E+01	3.5999426E-02
2.280E+01	1.5699749E-01
2.282E+01	2.7699560E-01
2.284E+01	1.8899699E-01
2.286E+01	1.1599816E-01
2.288E+01	1.9999682E-03
2.290E+01	-1.0899826E-01
2.292E+01	-2.4099617E-01
2.294E+01	-3.3999458E-01
2.296E+01	-4.7699241E-01
2.298E+01	-3.8499387E-01
2.300E+01	-1.9599688E-01
2.302E+01	-8.4998646E-02
2.304E+01	8.4998646E-02
2.306E+01	2.0299676E-01
2.308E+01	3.5399437E-01
2.310E+01	4.1599336E-01
2.312E+01	3.4699448E-01
2.314E+01	2.6699575E-01
2.316E+01	1.3899778E-01
2.318E+01	8.9998563E-03
2.320E+01	-1.3099792E-01
2.322E+01	-2.9299532E-01
2.324E+01	-3.1799492E-01
2.326E+01	-1.9799684E-01
2.328E+01	-1.3899778E-01
2.330E+01	-3.3999459E-02
2.332E+01	6.3998981E-02
2.334E+01	7.8998742E-02
2.336E+01	-1.0999825E-02
2.338E+01	5.2999157E-02
2.340E+01	1.1599816E-01
2.342E+01	1.9499689E-01
2.344E+01	1.8599704E-01
2.346E+01	1.3899778E-01
2.348E+01	1.7099728E-01
2.350E+01	2.0799667E-01
2.352E+01	1.4599768E-01
2.354E+01	8.4998646E-02
2.356E+01	1.2999792E-02
2.358E+01	-6.5998948E-02
2.360E+01	-1.4499768E-01
2.362E+01	-2.2899635E-01
2.364E+01	-3.1299500E-01
2.366E+01	-4.0099359E-01
2.368E+01	-4.7899238E-01
2.370E+01	-5.8799062E-01
2.372E+01	-6.7598921E-01
2.374E+01	-5.4799126E-01
2.376E+01	-4.1299341E-01
2.378E+01	-2.0699671E-01
2.380E+01	-4.9999203E-03
2.382E+01	2.1999649E-01
2.384E+01	4.5899270E-01
2.386E+01	6.7998917E-01
2.388E+01	9.3298517E-01
2.390E+01	9.2498526E-01
2.392E+01	7.9698727E-01
2.394E+01	6.4698966E-01
2.396E+01	3.7099407E-01
2.398E+01	1.5299757E-01
2.400E+01	-1.4299773E-01
2.402E+01	-2.8999538E-01
2.404E+01	-1.5999746E-02
2.406E+01	2.4299612E-01
2.408E+01	4.8399230E-01
2.410E+01	7.2798843E-01
2.412E+01	4.3699304E-01
2.414E+01	1.5199757E-01
2.416E+01	-1.8799700E-01
2.418E+01	-5.0799189E-01
2.420E+01	-8.2998677E-01
2.422E+01	-7.6698775E-01
2.424E+01	-6.1799014E-01
2.426E+01	-4.6799254E-01
2.428E+01	-2.6299580E-01
2.430E+01	2.2999633E-02
2.432E+01	3.8399389E-01
2.434E+01	7.1398864E-01
2.436E+01	9.9098415E-01
2.438E+01	6.8398911E-01
2.440E+01	-1.7899714E-01
2.442E+01	-7.5698791E-01
2.444E+01	-5.8399070E-01
2.446E+01	-5.1699177E-01
2.448E+01	-2.9299532E-01
2.450E+01	-6.7998919E-02
2.452E+01	1.4999761E-01
2.454E+01	3.9299373E-01
2.456E+01	6.1499020E-01
2.458E+01	8.6898616E-01
2.460E+01	8.2298691E-01
2.462E+01	6.1699018E-01
2.464E+01	4.6199264E-01
2.466E+01	2.0699671E-01
2.468E+01	-7.5998788E-02
2.470E+01	-3.4399453E-01
2.472E+01	-5.8599064E-01
2.474E+01	-8.4598650E-01
2.476E+01	-1.0799828E+00
2.478E+01	-1.1799812E+00
2.480E+01	-9.8898428E-01
2.482E+01	-8.5498638E-01
2.484E+01	-6.5598953E-01
2.486E+01	-4.6499259E-01
2.488E+01	-2.5699591E-01
2.490E+01	-4.6999249E-02
2.492E+01	1.6599736E-01
2.494E+01	3.7899397E-01
2.496E+01	5.9299054E-01
2.498E+01	7.9198735E-01
2.500E+01	9.6198464E-01
2.502E+01	1.1499817E+00
2.504E+01	1.3099792E+00
2.506E+01	1.4899762E+00
2.508E+01	1.3599784E+00
2.510E+01	1.1299820E+00
2.512E+01	9.0498558E-01
2.514E+01	5.6599096E-01
2.516E+01	2.6599576E-01
2.518E+01	-6.9998885E-02
2.520E+01	-4.3899302E-01
2.522E+01	-7.2898840E-01
2.524E+01	-4.5999267E-01
2.526E+01	-1.5699749E-01
2.528E+01	2.0299676E-01
2.530E+01	5.7099088E-01
2.532E+01	9.0498558E-01
2.534E+01	6.2798999E-01
2.536E+01	3.0799508E-01
2.538E+01	-6.9998885E-02
2.540E+01	-4.1399342E-01
2.542E+01	-2.5899587E-01
2.544E+01	-1.7099728E-01
2.546E+01	5.4999124E-02
2.548E+01	2.9399532E-01
2.550E+01	5.1499179E-01
2.552E+01	7.6498781E-01
2.554E+01	8.7198608E-01
2.556E+01	7.2798843E-01
2.558E+01	6.2998996E-01
2.560E+01	4.3199312E-01
2.562E+01	1.9099696E-01
2.564E+01	-3.5999426E-02
2.566E+01	-2.7699560E-01
2.568E+01	-3.1699496E-01
2.570E+01	-3.3899461E-01
2.572E+01	-3.6599415E-01
2.574E+01	-4.0999347E-01
2.576E+01	-3.9499371E-01
2.578E+01	-4.1799333E-01
2.580E+01	8.8998578E-02
2.582E+01	4.8899223E-01
2.584E+01	9.5498479E-01
2.586E+01	1.1499817E+00
2.588E+01	8.9198576E-01
2.590E+01	6.9998885E-01
2.592E+01	3.9199376E-01
2.594E+01	7.9998725E-02
2.596E+01	-2.8899540E-01
2.598E+01	-5.9999044E-01
2.600E+01	-5.1499179E-01
2.602E+01	-4.9199217E-01
2.604E+01	-3.9999363E-01
2.606E+01	-3.0799508E-01
2.608E+01	-1.9999681E-01
2.610E+01	-1.2299804E-01
2.612E+01	-4.1999329E-02
2.614E+01	-1.6299740E-01
2.616E+01	-4.5299278E-01
2.618E+01	-6.9798891E-01
2.620E+01	-8.5198639E-01
2.622E+01	-8.8898585E-01
2.624E+01	-8.2898681E-01
2.626E+01	-7.1698854E-01
2.628E+01	-5.2899159E-01
2.630E+01	-2.3799620E-01
2.632E+01	-1.2999792E-02
2.634E+01	1.1899810E-01
2.636E+01	2.5399595E-01
2.638E+01	3.5099439E-01
2.640E+01	4.0699352E-01
2.642E+01	4.6699257E-01
2.644E+01	4.3699304E-01
2.646E+01	2.2099649E-01
2.648E+01	2.1999650E-02
2.650E+01	-1.9799684E-01
2.652E+01	-4.4699288E-01
2.654E+01	-3.5599431E-01
2.656E+01	-1.4399770E-01
2.658E+01	6.5998948E-02
2.660E+01	3.5099439E-01
2.662E+01	6.0899031E-01
2.664E+01	5.8799062E-01
2.666E+01	4.4099296E-01
2.668E+01	3.2799477E-01
2.670E+01	1.3599784E-01
2.672E+01	-1.3999776E-02
2.674E+01	-1.9199695E-01
2.676E+01	-2.0899667E-01
2.678E+01	-1.4699765E-01
2.680E+01	-1.9199695E-01
2.682E+01	-1.6799732E-01
2.684E+01	-1.0099839E-01
2.686E+01	-2.3999618E-02
2.688E+01	6.1999010E-02
2.690E+01	1.5599752E-01
2.692E+01	1.4299773E-01
2.694E+01	1.3099792E-01
2.696E+01	9.5998474E-02
2.698E+01	6.4998965E-02
2.700E+01	1.4999761E-02
2.702E+01	5.8999061E-02
2.704E+01	1.7899714E-01
2.706E+01	2.8299548E-01
2.708E+01	3.4799445E-01
2.710E+01	1.8399706E-01
2.712E+01	6.8998902E-02
2.714E+01	-1.3099792E-01
2.716E+01	-3.1599497E-01
2.718E+01	-5.3999139E-01
2.720E+01	-4.8299230E-01
2.722E+01	-2.9699528E-01
2.724E+01	-1.2799796E-01
2.726E+01	6.6998931E-02
2.728E+01	-7.9998726E-03
2.730E+01	-9.0998554E-02
2.732E+01	-1.7599720E-01
2.734E+01	-2.8999538E-01
2.736E+01	-4.0099359E-01
2.738E+01	-4.8999219E-01
2.740E+01	-4.3899302E-01
2.742E+01	-3.4999443E-01
2.744E+01	-2.4699607E-01
2.746E+01	-1.5999745E-01
2.748E+01	-1.0099839E-01
2.750E+01	-1.8799700E-01
2.752E+01	-2.1599657E-01
2.754E+01	-2.5199599E-01
2.756E+01	-2.1899651E-01
2.758E+01	-1.3199789E-01
2.760E+01	-1.4199773E-01
2.762E+01	-2.2199647E-01
2.764E+01	-2.4999602E-01
2.766E+01	-3.2599479E-01
2.768E+01	-3.7799397E-01
2.770E+01	-3.2999474E-01
2.772E+01	-2.8899540E-01
2.774E+01	-2.5399595E-01
2.776E+01	-2.1999649E-01
2.778E+01	-1.8799700E-01
2.780E+01	-1.5799749E-01
2.782E+01	-1.3199789E-01
2.784E+01	-1.2099808E-01
2.786E+01	-1.0399834E-01
2.788E+01	-6.9998885E-02
2.790E+01	-3.2999473E-02
2.792E+01	-1.5999746E-02
2.794E+01	1.2999792E-02
2.796E+01	-1.9999681E-02
2.798E+01	-9.2998520E-02
2.800E+01	-1.4699765E-01
2.802E+01	-2.3799620E-01
2.804E+01	-2.4399611E-01
2.806E+01	-1.8399706E-01
2.808E+01	-1.6599736E-01
2.810E+01	-1.1899810E-01
2.812E+01	-7.0998868E-02
2.814E+01	-2.0999664E-02
2.816E+01	2.9999523E-03
2.818E+01	-1.0199837E-01
2.820E+01	-1.7399722E-01
2.822E+01	-2.7699560E-01
2.824E+01	-1.6899730E-01
2.826E+01	-4.1999329E-02
2.828E+01	1.5799749E-01
2.830E+01	1.6399738E-01
2.832E+01	1.8999697E-02
2.834E+01	-4.1999329E-02
2.836E+01	-1.5399754E-01
2.838E+01	-2.5099601E-01
2.840E+01	-3.5199440E-01
2.842E+01	-2.7999554E-01
2.844E+01	-1.8099712E-01
2.846E+01	-1.9999681E-02
2.848E+01	1.0199837E-01
2.850E+01	2.1099665E-01
2.852E+01	2.7999554E-01
2.854E+01	1.3199789E-01
2.856E+01	8.8998578E-02
2.858E+01	5.9999046E-03
2.860E+01	-4.8999220E-02
2.862E+01	-9.7998440E-02
2.864E+01	-7.8998742E-02
2.866E+01	-2.0999664E-02
2.868E+01	9.9998410E-03
2.870E+01	-8.7998600E-02
2.872E+01	-1.5699749E-01
2.874E+01	-2.1399659E-01
2.876E+01	-1.5899746E-01
2.878E+01	-3.2999473E-02
2.880E+01	1.0399834E-01
2.882E+01	2.2999633E-01
2.884E+01	2.8599544E-01
2.886E+01	2.3199631E-01
2.888E+01	1.3299789E-01
2.890E+01	5.9999046E-03
2.892E+01	-1.2099808E-01
2.894E+01	-2.4599609E-01
2.896E+01	-2.5099601E-01
2.898E+01	-1.9199695E-01
2.900E+01	-1.3999777E-01
2.902E+01	-6.4998965E-02
2.904E+01	1.9999682E-03
2.906E+01	7.5998788E-02
2.908E+01	1.4199773E-01
2.910E+01	2.1999649E-01
2.912E+01	2.4399611E-01
2.914E+01	1.7199727E-01
2.916E+01	1.1099824E-01
2.918E+01	3.5999426E-02
2.920E+01	-4.9999203E-02
2.922E+01	-1.0399834E-01
2.924E+01	-1.6599736E-01
2.926E+01	-1.2599800E-01
2.928E+01	-2.4999602E-02
2.930E+01	5.7999078E-02
2.932E+01	5.6999090E-02
2.934E+01	0.0000000E+00
2.936E+01	-1.6999730E-02
2.938E+01	-1.0999825E-02
2.940E+01	-9.9998410E-04
2.942E+01	4.1999329E-02
2.944E+01	1.6899730E-01
2.946E+01	2.1199663E-01
2.948E+01	2.8999538E-01
2.950E+01	2.1099665E-01
2.952E+01	4.6999249E-02
2.954E+01	-7.4998805E-02
2.956E+01	-1.2399802E-01
2.958E+01	-3.6999411E-02
2.960E+01	6.7998919E-02
2.962E+01	1.8499705E-01
2.964E+01	2.8399547E-01
2.966E+01	3.8999379E-01
2.968E+01	4.3599304E-01
2.970E+01	4.0999347E-01
2.972E+01	3.4299453E-01
2.974E+01	2.8099552E-01
2.976E+01	1.9999681E-01
2.978E+01	1.2899794E-01
2.980E+01	6.2998998E-02
2.982E+01	-1.9999682E-03
2.984E+01	-5.7999078E-02
2.986E+01	-6.8998902E-02
2.988E+01	-9.9998410E-02
2.990E+01	-1.1299820E-01
2.992E+01	-1.5099760E-01
2.994E+01	-1.8599704E-01
2.996E+01	-1.9699687E-01
2.998E+01	-2.0299676E-01
3.000E+01	-2.2699639E-01
3.002E+01	-1.6399738E-01
3.004E+01	-4.6999249E-02
3.006E+01	4.5999266E-02
3.008E+01	1.4699765E-01
3.010E+01	2.4799604E-01
3.012E+01	2.6199583E-01
3.014E+01	2.3499625E-01
3.016E+01	2.4299612E-01
3.018E+01	2.7799556E-01
3.020E+01	3.1299500E-01
3.022E+01	3.3199472E-01
3.024E+01	2.3399627E-01
3.026E+01	1.4299773E-01
3.028E+01	6.8998902E-02
3.030E+01	-1.1999809E-02
3.032E+01	-1.2399802E-01
3.034E+01	-2.2499641E-01
3.036E+01	-3.3299469E-01
3.038E+01	-3.3299469E-01
3.040E+01	-3.0699512E-01
3.042E+01	-2.3599625E-01
3.044E+01	-1.5999745E-01
3.046E+01	-8.0998713E-02
3.048E+01	-5.3999140E-02
3.050E+01	-2.4999602E-02
3.052E+01	1.0999825E-02
3.054E+01	4.5999266E-02
3.056E+01	8.2998679E-02
3.058E+01	1.1299820E-01
3.060E+01	1.2699797E-01
3.062E+01	9.7998440E-02
3.064E+01	5.6999090E-02
3.066E+01	1.4999761E-02
3.068E+01	-4.2999316E-02
3.070E+01	-9.2998520E-02
3.072E+01	-1.4999761E-01
3.074E+01	-2.0099680E-01
3.076E+01	-2.5399595E-01
3.078E+01	-3.0599512E-01
3.080E+01	-3.4999443E-01
3.082E+01	-3.7099407E-01
3.084E+01	-3.3999458E-01
3.086E+01	-1.8999697E-01
3.088E+01	-7.0998868E-02
3.090E+01	7.2998838E-02
3.092E+01	2.1399659E-01
3.094E+01	3.2399485E-01
3.096E+01	2.6499578E-01
3.098E+01	2.4399611E-01
3.100E+01	1.8699703E-01
3.102E+01	1.3399786E-01
3.104E+01	7.4998805E-02
3.106E+01	2.6999571E-02
3.108E+01	3.8999380E-02
3.110E+01	6.2998998E-02
3.112E+01	2.9999522E-02
3.114E+01	-9.9998410E-04
3.116E+01	-4.2999316E-02
3.118E+01	-5.9999044E-02
3.120E+01	-3.2999473E-02
3.122E+01	-1.2999792E-02
3.124E+01	-9.9998410E-04
3.126E+01	-6.0999027E-02
3.128E+01	-8.5998634E-02
3.130E+01	-1.0699829E-01
3.132E+01	-1.2599800E-01
3.134E+01	-1.4699765E-01
3.136E+01	-1.1899810E-01
3.138E+01	-7.0998868E-02
3.140E+01	-2.4999602E-02
3.142E+01	2.4999602E-02
3.144E+01	3.1999490E-02
3.146E+01	4.1999329E-02
3.148E+01	7.2998838E-02
3.150E+01	1.1299820E-01
3.152E+01	1.5399754E-01
3.154E+01	1.9599688E-01
3.156E+01	2.4299612E-01
3.158E+01	2.1399659E-01
3.160E+01	1.4399770E-01
3.162E+01	8.3998658E-02
3.164E+01	2.1999650E-02
3.166E+01	7.6998771E-02
3.168E+01	1.1099824E-01
3.170E+01	1.7399722E-01
3.172E+01	1.9199695E-01
3.174E+01	1.2699797E-01
3.176E+01	8.2998679E-02
3.178E+01	6.9998883E-03
3.180E+01	-3.7999394E-02
3.182E+01	-2.7999554E-02
3.184E+01	-1.0999825E-02
3.186E+01	-7.3998821E-02
3.188E+01	-1.7599720E-01
3.190E+01	-2.5199599E-01
3.192E+01	-1.9999681E-01
3.194E+01	-1.6999729E-01
3.196E+01	-9.7998440E-02
3.198E+01	-3.1999490E-02
3.200E+01	4.1999329E-02
3.202E+01	1.1099824E-01
3.204E+01	1.7699719E-01
3.206E+01	1.2499801E-01
3.208E+01	7.6998771E-02
3.210E+01	1.2999792E-02
3.212E+01	-5.2999157E-02
3.214E+01	-7.7998759E-02
3.216E+01	-9.0998554E-02
3.218E+01	-1.0899826E-01
3.220E+01	-1.0999825E-01
3.222E+01	-1.0899826E-01
3.224E+01	-7.0998868E-02
3.226E+01	-7.9998726E-03
3.228E+01	4.3999299E-02
3.230E+01	1.1799812E-01
3.232E+01	1.2899794E-01
3.234E+01	7.1998851E-02
3.236E+01	2.8999539E-02
3.238E+01	-3.4999443E-02
3.240E+01	-9.6998453E-02
3.242E+01	-1.4299773E-01
3.244E+01	-1.3699781E-01
3.246E+01	-1.4299773E-01
3.248E+01	-1.3499785E-01
3.250E+01	-1.1699813E-01
3.252E+01	-3.7999394E-02
3.254E+01	2.0999664E-02
3.256E+01	1.0899826E-01
3.258E+01	1.1499817E-01
3.260E+01	5.7999078E-02
3.262E+01	1.8999697E-02
3.264E+01	-4.6999249E-02
3.266E+01	-5.7999078E-02
3.268E+01	-6.6998931E-02
3.270E+01	-7.1998851E-02
3.272E+01	-7.0998868E-02
3.274E+01	-5.2999157E-02
3.276E+01	-2.7999554E-02
3.278E+01	-5.2999157E-02
3.280E+01	-1.0399834E-01
3.282E+01	-1.4699765E-01
3.284E+01	-1.9799684E-01
3.286E+01	-1.5399754E-01
3.288E+01	-1.2399802E-01
3.290E+01	-7.1998851E-02
3.292E+01	-4.3999299E-02
3.294E+01	-3.4999443E-02
3.296E+01	-2.4999602E-02
3.298E+01	-4.9999203E-03
3.300E+01	2.5999585E-02
3.302E+01	4.1999329E-02
3.304E+01	4.9999203E-02
3.306E+01	7.5998788E-02
3.308E+01	1.1499817E-01
3.310E+01	1.5999745E-01
3.312E+01	1.3699781E-01
3.314E+01	7.7998759E-02
3.316E+01	2.8999539E-02
3.318E+01	-3.4999443E-02
3.320E+01	-5.1999169E-02
3.322E+01	-8.1998691E-02
3.324E+01	-1.1799812E-01
3.326E+01	-1.3299789E-01
3.328E+01	-1.2299804E-01
3.330E+01	-1.2599800E-01
3.332E+01	-1.3399786E-01
3.334E+01	-1.1299820E-01
3.336E+01	-5.7999078E-02
3.338E+01	-1.2999792E-02
3.340E+01	4.5999266E-02
3.342E+01	9.8998416E-02
3.344E+01	1.5999745E-01
3.346E+01	2.0399675E-01
3.348E+01	2.3299628E-01
3.350E+01	2.4199615E-01
3.352E+01	2.0999665E-01
3.354E+01	1.6799732E-01
3.356E+01	1.1899810E-01
3.358E+01	7.0998868E-02
3.360E+01	4.8999220E-02
3.362E+01	2.9999522E-02
3.364E+01	4.1999329E-02
3.366E+01	6.0999027E-02
3.368E+01	5.2999157E-02
3.370E+01	1.6999730E-02
3.372E+01	-1.0999825E-02
3.374E+01	-5.1999169E-02
3.376E+01	-8.8998578E-02
3.378E+01	-1.1299820E-01
3.380E+01	-9.1998532E-02
3.382E+01	-4.4999283E-02
3.384E+01	1.0999825E-02
3.386E+01	6.7998919E-02
3.388E+01	1.2099808E-01
3.390E+01	7.0998868E-02
3.392E+01	3.8999380E-02
3.394E+01	-1.1999809E-02
3.396E+01	-2.2999633E-02
3.398E+01	-2.1999650E-02
3.400E+01	-9.9998410E-04
3.402E+01	2.4999602E-02
3.404E+01	3.9999363E-02
3.406E+01	-8.9998563E-03
3.408E+01	-4.4999283E-02
3.410E+01	-9.7998440E-02
3.412E+01	-1.4799765E-01
3.414E+01	-1.9399691E-01
3.416E+01	-1.6499737E-01
3.418E+01	-1.4399770E-01
3.420E+01	-1.1099824E-01
3.422E+01	-8.4998646E-02
3.424E+01	-5.6999090E-02
3.426E+01	-2.2999633E-02
3.428E+01	1.5999746E-02
3.430E+01	5.3999140E-02
3.432E+01	8.5998634E-02
3.434E+01	9.8998416E-02
3.436E+01	1.1799812E-01
3.438E+01	1.2999793E-01
3.440E+01	1.4899762E-01
3.442E+01	1.4099776E-01
3.444E+01	1.0099839E-01
3.446E+01	6.2998998E-02
3.448E+01	1.4999761E-02
3.450E+01	-2.2999633E-02
3.452E+01	-4.7999237E-02
3.454E+01	-7.4998805E-02
3.456E+01	-9.7998440E-02
3.458E+01	-1.0699829E-01
3.460E+01	-1.1099824E-01
3.462E+01	-8.0998713E-02
3.464E+01	-1.6999730E-02
3.466E+01	4.6999249E-02
3.468E+01	8.8998578E-02
3.470E+01	8.7998600E-02
3.472E+01	7.4998805E-02
3.474E+01	5.2999157E-02
3.476E+01	5.2999157E-02
3.478E+01	7.1998851E-02
3.480E+01	3.6999411E-02
3.482E+01	6.9998883E-03
3.484E+01	-1.8999697E-02
3.486E+01	-3.3999459E-02
3.488E+01	-5.4999124E-02
3.490E+01	-7.4998805E-02
3.492E+01	-7.8998742E-02
3.494E+01	-5.0999186E-02
3.496E+01	-4.4999283E-02
3.498E+01	-4.4999283E-02
3.500E+01	-5.1999169E-02
3.502E+01	-1.5999746E-02
3.504E+01	5.5999107E-02
3.506E+01	7.4998805E-02
3.508E+01	8.8998578E-02
3.510E+01	1.0299836E-01
3.512E+01	1.0899826E-01
3.514E+01	1.1799812E-01
3.516E+01	9.5998474E-02
3.518E+01	6.5998948E-02
3.520E+01	3.6999411E-02
3.522E+01	8.9998563E-03
3.524E+01	2.4999602E-02
3.526E+01	3.2999473E-02
3.528E+01	5.2999157E-02
3.530E+01	6.3998981E-02
3.532E+01	6.7998919E-02
3.534E+01	5.2999157E-02
3.536E+01	-5.9999046E-03
3.538E+01	-6.0999027E-02
3.540E+01	-1.0399834E-01
3.542E+01	-1.0299836E-01
3.544E+01	-8.0998713E-02
3.546E+01	-3.3999459E-02
3.548E+01	8.9998563E-03
3.550E+01	5.8999061E-02
3.552E+01	9.7998440E-02
3.554E+01	1.0399834E-01
3.556E+01	8.8998578E-02
3.558E+01	5.2999157E-02
3.560E+01	3.2999473E-02
3.562E+01	2.9999522E-02
3.564E+01	2.4999602E-02
3.566E+01	2.1999650E-02
3.568E+01	-1.3999776E-02
3.570E+01	-4.5999266E-02
3.572E+01	-8.2998679E-02
3.574E+01	-1.2299804E-01
3.576E+01	-1.4199773E-01
3.578E+01	-9.4998487E-02
3.580E+01	-6.1999010E-02
3.582E+01	-9.9998410E-03
3.584E+01	1.8999697E-02
3.586E+01	2.8999539E-02
3.588E+01	4.3999299E-02
3.590E+01	4.9999203E-02
3.592E+01	6.1999010E-02
3.594E+01	5.6999090E-02
3.596E+01	3.8999380E-02
3.598E+01	1.2999792E-02
3.600E+01	-2.2999633E-02
3.602E+01	-5.5999107E-02
3.604E+01	-9.3998499E-02
3.606E+01	-1.2099808E-01
3.608E+01	-1.0399834E-01
3.610E+01	-8.4998646E-02
3.612E+01	-2.5999585E-02
3.614E+01	2.7999554E-02
3.616E+01	8.9998566E-02
3.618E+01	1.4199773E-01
3.620E+01	1.6499737E-01
3.622E+01	1.6399738E-01
3.624E+01	1.4299773E-01
3.626E+01	1.2499801E-01
3.628E+01	9.8998416E-02
3.630E+01	6.8998902E-02
3.632E+01	2.4999602E-02
3.634E+01	-1.1999809E-02
3.636E+01	-4.7999237E-02
3.638E+01	-2.2999633E-02
3.640E+01	-1.4999761E-02
3.642E+01	-1.0999825E-02
3.644E+01	-9.9998410E-04
3.646E+01	4.9999203E-03
3.648E+01	3.9999363E-03
3.650E+01	-6.9998883E-03
3.652E+01	-1.1999809E-02
3.654E+01	9.9998410E-04
3.656E+01	1.1999809E-02
3.658E+01	2.5999585E-02
3.660E+01	3.5999426E-02
3.662E+01	2.4999602E-02
3.664E+01	9.9998410E-03
3.666E+01	-8.9998563E-03
3.668E+01	-2.8999539E-02
3.670E+01	-4.9999203E-02
3.672E+01	-6.6998931E-02
3.674E+01	-7.0998868E-02
3.676E+01	-7.2998838E-02
3.678E+01	-6.6998931E-02
3.680E+01	-6.3998981E-02
3.682E+01	-5.6999090E-02
3.684E+01	-5.7999078E-02
3.686E+01	-7.4998805E-02
3.688E+01	-8.7998600E-02
3.690E+01	-1.0599831E-01
3.692E+01	-1.1799812E-01
3.694E+01	-1.1399818E-01
3.696E+01	-1.0299836E-01
3.698E+01	-8.9998566E-02
3.700E+01	-7.5998788E-02
3.702E+01	-6.4998965E-02
3.704E+01	-7.1998851E-02
3.706E+01	-8.1998691E-02
3.708E+01	-9.3998499E-02
3.710E+01	-1.0699829E-01
3.712E+01	-1.2099808E-01
3.714E+01	-1.3099792E-01
3.716E+01	-1.2399802E-01
3.718E+01	-1.1899810E-01
3.720E+01	-1.1099824E-01
3.722E+01	-1.0399834E-01
3.724E+01	-8.0998713E-02
3.726E+01	-4.2999316E-02
3.728E+01	-9.9998410E-03
3.730E+01	7.1998851E-02
3.732E+01	1.1899810E-01
3.734E+01	1.3599784E-01
3.736E+01	1.3299789E-01
3.738E+01	1.2099808E-01
3.740E+01	1.0899826E-01
3.742E+01	9.1998532E-02
3.744E+01	7.4998805E-02
3.746E+01	3.9999363E-02
3.748E+01	1.3999776E-02
3.750E+01	-2.4999602E-02
3.752E+01	-1.2999792E-02
3.754E+01	3.4999443E-02
3.756E+01	6.8998902E-02
3.758E+01	1.2599800E-01
3.760E+01	1.4499768E-01
3.762E+01	1.1299820E-01
3.764E+01	9.1998532E-02
3.766E+01	7.7998759E-02
3.768E+01	6.2998998E-02
3.770E+01	5.4999124E-02
3.772E+01	7.3998821E-02
3.774E+01	8.6998612E-02
3.776E+01	1.0599831E-01
3.778E+01	1.0699829E-01
3.780E+01	1.0299836E-01
3.782E+01	1.0599831E-01
3.784E+01	1.1499817E-01
3.786E+01	1.2099808E-01
3.788E+01	1.2599800E-01
3.790E+01	1.1499817E-01
3.792E+01	1.0299836E-01
3.794E+01	7.8998742E-02
3.796E+01	5.7999078E-02
3.798E+01	3.3999459E-02
3.800E+01	8.9998563E-03
3.802E+01	-6.9998883E-03
3.804E+01	2.6999571E-02
3.806E+01	6.3998981E-02
3.808E+01	1.0999825E-01
3.810E+01	1.5499753E-01
3.812E+01	1.4799765E-01
3.814E+01	1.3399786E-01
3.816E+01	1.1899810E-01
3.818E+01	9.5998474E-02
3.820E+01	7.6998771E-02
3.822E+01	5.5999107E-02
3.824E+01	5.8999061E-02
3.826E+01	6.2998998E-02
3.828E+01	6.7998919E-02
3.830E+01	7.5998788E-02
3.832E+01	8.1998691E-02
3.834E+01	9.0998554E-02
3.836E+01	8.9998566E-02
3.838E+01	5.7999078E-02
3.840E+01	2.8999539E-02
3.842E+01	9.9998410E-03
3.844E+01	2.9999523E-03
3.846E+01	-1.2999792E-02
3.848E+01	-2.0999664E-02
3.850E+01	-3.4999443E-02
3.852E+01	-3.2999473E-02
3.854E+01	-1.1999809E-02
3.856E+01	3.9999363E-03
3.858E+01	8.9998563E-03
3.860E+01	1.6999730E-02
3.862E+01	1.0999825E-02
3.864E+01	-3.9999363E-03
3.866E+01	-1.5999746E-02
3.868E+01	-3.2999473E-02
3.870E+01	-4.7999237E-02
3.872E+01	-6.4998965E-02
3.874E+01	-6.3998981E-02
3.876E+01	-4.8999220E-02
3.878E+01	-3.4999443E-02
3.880E+01	1.0999825E-02
3.882E+01	2.7999554E-02
3.884E+01	5.1999169E-02
3.886E+01	5.3999140E-02
3.888E+01	4.3999299E-02
3.890E+01	3.3999459E-02
3.892E+01	3.0999505E-02
3.894E+01	3.5999426E-02
3.896E+01	3.6999411E-02
3.898E+01	2.4999602E-02
3.900E+01	9.9998410E-03
3.902E+01	-2.9999523E-03
3.904E+01	-1.1999809E-02
3.906E+01	-1.8999697E-02
3.908E+01	-4.5999266E-02
3.910E+01	-8.1998691E-02
3.912E+01	-1.0799828E-01
3.914E+01	-1.0099839E-01
3.916E+01	-7.7998759E-02
3.918E+01	-5.2999157E-02
3.920E+01	-2.1999650E-02
3.922E+01	6.9998883E-03
3.924E+01	3.1999490E-02
3.926E+01	3.7999394E-02
3.928E+01	2.8999539E-02
3.930E+01	2.2999633E-02
3.932E+01	1.1999809E-02
3.934E+01	1.9999681E-02
3.936E+01	3.4999443E-02
3.938E+01	2.6999571E-02
3.940E+01	1.2999792E-02
3.942E+01	1.9999682E-03
3.944E+01	-1.6999730E-02
3.946E+01	-2.4999602E-02
3.948E+01	-1.9999681E-02
3.950E+01	-1.5999746E-02
3.952E+01	-9.9998410E-03
3.954E+01	-1.9999682E-03
3.956E+01	-9.9998410E-03
3.958E+01	-2.3999618E-02
3.960E+01	-3.8999380E-02
3.962E+01	-4.9999203E-02
3.964E+01	-4.6999249E-02
3.966E+01	-2.1999650E-02
3.968E+01	1.6999730E-02
3.970E+01	5.2999157E-02
3.972E+01	9.5998474E-02
3.974E+01	1.3199789E-01
3.976E+01	1.4599768E-01
3.978E+01	1.2999793E-01
3.980E+01	1.0899826E-01
3.982E+01	8.2998679E-02
3.984E+01	6.2998998E-02
3.986E+01	7.0998868E-02
3.988E+01	7.3998821E-02
3.990E+01	7.8998742E-02
3.992E+01	4.4999283E-02
3.994E+01	1.5999746E-02
3.996E+01	-1.7999713E-02
3.998E+01	-5.5999107E-02
4.000E+01	-7.5998788E-02
4.002E+01	-7.6998771E-02
4.004E+01	-8.2998679E-02
4.006E+01	-8.0998713E-02
4.008E+01	-7.5998788E-02
4.010E+01	-7.1998851E-02
4.012E+01	-8.4998646E-02
4.014E+01	-9.1998532E-02
4.016E+01	-1.0599831E-01
4.018E+01	-1.1599816E-01
4.020E+01	-1.2799796E-01
4.022E+01	-1.3899778E-01
4.024E+01	-1.4399770E-01
4.026E+01	-1.3099792E-01
4.028E+01	-1.2199805E-01
4.030E+01	-1.0699829E-01
4.032E+01	-1.0199837E-01
4.034E+01	-1.1899810E-01
4.036E+01	-1.3399786E-01
4.038E+01	-1.5299757E-01
4.040E+01	-1.7199727E-01
4.042E+01	-1.6999729E-01
4.044E+01	-1.5699749E-01
4.046E+01	-1.2599800E-01
4.048E+01	-9.3998499E-02
4.050E+01	-5.9999044E-02
4.052E+01	-3.2999473E-02
4.054E+01	-1.9999682E-03
4.056E+01	1.9999681E-02
4.058E+01	2.5999585E-02
4.060E+01	2.1999650E-02
4.062E+01	1.5999746E-02
4.064E+01	7.9998726E-03
4.066E+01	-5.9999046E-03
4.068E+01	-3.0999505E-02
4.070E+01	-5.3999140E-02
4.072E+01	-7.0998868E-02
4.074E+01	-5.8999061E-02
4.076E+01	-4.7999237E-02
4.078E+01	-2.7999554E-02
4.080E+01	-9.9998410E-03
4.082E+01	1.4999761E-02
4.084E+01	3.6999411E-02
4.086E+01	5.9999044E-02
4.088E+01	5.7999078E-02
4.090E+01	4.9999203E-02
4.092E+01	5.5999107E-02
4.094E+01	6.4998965E-02
4.096E+01	7.4998805E-02
4.098E+01	8.0998713E-02
4.100E+01	7.3998821E-02
4.102E+01	6.8998902E-02
4.104E+01	6.0999027E-02
4.106E+01	5.2999157E-02
4.108E+01	4.3999299E-02
4.110E+01	4.0999346E-02
4.112E+01	5.2999157E-02
4.114E+01	6.1999010E-02
4.116E+01	7.2998838E-02
4.118E+01	6.3998981E-02
4.120E+01	5.6999090E-02
4.122E+01	4.5999266E-02
4.124E+01	4.2999316E-02
4.126E+01	5.7999078E-02
4.128E+01	7.1998851E-02
4.130E+01	8.2998679E-02
4.132E+01	8.0998713E-02
4.134E+01	8.1998691E-02
4.136E+01	7.8998742E-02
4.138E+01	7.8998742E-02
4.140E+01	5.5999107E-02
4.142E+01	2.3999618E-02
4.144E+01	-5.9999046E-03
4.146E+01	-3.9999363E-02
4.148E+01	-5.6999090E-02
4.150E+01	-7.4998805E-02
4.152E+01	-9.1998532E-02
4.154E+01	-9.9998410E-02
4.156E+01	-8.7998600E-02
4.158E+01	-8.0998713E-02
4.160E+01	-6.3998981E-02
4.162E+01	-3.6999411E-02
4.164E+01	-1.0999825E-02
4.166E+01	1.9999682E-03
4.168E+01	1.1999809E-02
4.170E+01	2.1999650E-02
4.172E+01	3.7999394E-02
4.174E+01	5.6999090E-02
4.176E+01	7.5998788E-02
4.178E+01	8.9998566E-02
4.180E+01	8.0998713E-02
4.182E+01	7.1998851E-02
4.184E+01	5.6999090E-02
4.186E+01	4.3999299E-02
4.188E+01	1.5999746E-02
4.190E+01	-1.9999682E-03
4.192E+01	-1.2999792E-02
4.194E+01	-2.6999571E-02
4.196E+01	-3.6999411E-02
4.198E+01	-4.9999203E-02
4.200E+01	-5.4999124E-02
4.202E+01	-4.6999249E-02
4.204E+01	-3.8999380E-02
4.206E+01	1.9999682E-03
4.208E+01	4.1999329E-02
4.210E+01	7.9998725E-02
4.212E+01	8.4998646E-02
4.214E+01	9.5998474E-02
4.216E+01	9.7998440E-02
4.218E+01	1.0199837E-01
4.220E+01	1.0199837E-01
4.222E+01	9.5998474E-02
4.224E+01	8.9998566E-02
4.226E+01	8.4998646E-02
4.228E+01	8.8998578E-02
4.230E+01	9.3998499E-02
4.232E+01	1.0299836E-01
4.234E+01	1.1399818E-01
4.236E+01	1.2399802E-01
4.238E+01	1.3599784E-01
4.240E+01	1.4599768E-01
4.242E+01	1.5099760E-01
4.244E+01	1.3499785E-01
4.246E+01	1.2099808E-01
4.248E+01	1.0699829E-01
4.250E+01	9.4998487E-02
4.252E+01	8.0998713E-02
4.254E+01	6.8998902E-02
4.256E+01	5.2999157E-02
4.258E+01	3.9999363E-02
4.260E+01	2.2999633E-02
4.262E+01	2.0999664E-02
4.264E+01	2.7999554E-02
4.266E+01	3.3999459E-02
4.268E+01	2.7999554E-02
4.270E+01	1.3999776E-02
4.272E+01	5.9999046E-03
4.274E+01	-4.9999203E-03
4.276E+01	-1.4999761E-02
4.278E+01	-1.5999746E-02
4.280E+01	-1.0999825E-02
4.282E+01	-7.9998726E-03
4.284E+01	0.0000000E+00
4.286E+01	5.9999046E-03
4.288E+01	1.2999792E-02
4.290E+01	9.9998410E-04
4.292E+01	-9.9998410E-03
4.294E+01	-2.4999602E-02
4.296E+01	-3.3999459E-02
4.298E+01	-3.3999459E-02
4.300E+01	-3.8999380E-02
4.302E+01	-5.2999157E-02
4.304E+01	-6.5998948E-02
4.306E+01	-8.1998691E-02
4.308E+01	-9.4998487E-02
4.310E+01	-1.0799828E-01
4.312E+01	-1.1199821E-01
4.314E+01	-1.0899826E-01
4.316E+01	-1.0799828E-01
4.318E+01	-1.0599831E-01
4.320E+01	-1.1999809E-01
4.322E+01	-1.3299789E-01
4.324E+01	-1.4799765E-01
4.326E+01	-1.6499737E-01
4.328E+01	-1.6899730E-01
4.330E+01	-1.5799749E-01
4.332E+01	-1.3299789E-01
4.334E+01	-9.6998453E-02
4.336E+01	-6.3998981E-02
4.338E+01	-2.5999585E-02
4.340E+01	0.0000000E+00
4.342E+01	2.4999602E-02
4.344E+01	3.3999459E-02
4.346E+01	2.8999539E-02
4.348E+01	2.5999585E-02
4.350E+01	1.7999713E-02
4.352E+01	1.7999713E-02
4.354E+01	3.0999505E-02
4.356E+01	3.7999394E-02
4.358E+01	4.7999237E-02
4.360E+01	5.7999078E-02
4.362E+01	6.6998931E-02
4.364E+01	6.0999027E-02
4.366E+01	5.0999186E-02
4.368E+01	2.6999571E-02
4.370E+01	4.9999203E-03
4.372E+01	-1.9999681E-02
4.374E+01	-3.2999473E-02
4.376E+01	-4.7999237E-02
4.378E+01	-5.9999044E-02
4.380E+01	-7.1998851E-02
4.382E+01	-8.4998646E-02
4.384E+01	-9.0998554E-02
4.386E+01	-8.2998679E-02
4.388E+01	-7.8998742E-02
4.390E+01	-7.0998868E-02
4.392E+01	-8.0998713E-02
4.394E+01	-9.4998487E-02
4.396E+01	-1.1199821E-01
4.398E+01	-1.2999793E-01
4.400E+01	-1.4599768E-01
4.402E+01	-1.3399786E-01
4.404E+01	-1.2199805E-01
4.406E+01	-1.0699829E-01
4.408E+01	-8.9998566E-02
4.410E+01	-7.2998838E-02
4.412E+01	-5.8999061E-02
4.414E+01	-6.7998919E-02
4.416E+01	-7.7998759E-02
4.418E+01	-8.3998658E-02
4.420E+01	-6.6998931E-02
4.422E+01	-5.3999140E-02
4.424E+01	-3.4999443E-02
4.426E+01	-1.9999681E-02
4.428E+01	-3.7999394E-02
4.430E+01	-5.4999124E-02
4.432E+01	-7.9998725E-02
4.434E+01	-1.0399834E-01
4.436E+01	-1.1999809E-01
4.438E+01	-1.2999793E-01
4.440E+01	-1.1899810E-01
4.442E+01	-1.0199837E-01
4.444E+01	-6.1999010E-02
4.446E+01	-2.4999602E-02
4.448E+01	1.6999730E-02
4.450E+01	4.9999203E-02
4.452E+01	6.1999010E-02
4.454E+01	5.1999169E-02
4.456E+01	4.1999329E-02
4.458E+01	2.3999618E-02
4.460E+01	2.9999523E-03
4.462E+01	-2.9999523E-03
4.464E+01	1.9999682E-03
4.466E+01	-1.9999682E-03
4.468E+01	-1.7999713E-02
4.470E+01	-3.2999473E-02
4.472E+01	-4.4999283E-02
4.474E+01	-4.3999299E-02
4.476E+01	-4.4999283E-02
4.478E+01	-4.1999329E-02
4.480E+01	-3.9999363E-02
4.482E+01	-3.8999380E-02
4.484E+01	-5.2999157E-02
4.486E+01	-6.5998948E-02
4.488E+01	-8.1998691E-02
4.490E+01	-9.6998453E-02
4.492E+01	-8.8998578E-02
4.494E+01	-8.1998691E-02
4.496E+01	-7.0998868E-02
4.498E+01	-6.7998919E-02
4.500E+01	-8.6998612E-02
4.502E+01	-1.0099839E-01
4.504E+01	-1.2099808E-01
4.506E+01	-1.3399786E-01
4.508E+01	-1.4599768E-01
4.510E+01	-1.5699749E-01
4.512E+01	-1.6699734E-01
4.514E+01	-1.7399722E-01
4.516E+01	-1.8099712E-01
4.518E+01	-1.7599720E-01
4.520E+01	-1.6999729E-01
4.522E+01	-1.6399738E-01
4.524E+01	-1.5199757E-01
4.526E+01	-1.2499801E-01
4.528E+01	-9.9998410E-02
4.530E+01	-7.0998868E-02
4.532E+01	-4.2999316E-02
4.534E+01	-2.5999585E-02
4.536E+01	-1.2999792E-02
4.538E+01	1.9999682E-03
4.540E+01	1.4999761E-02
4.542E+01	3.0999505E-02
4.544E+01	3.1999490E-02
4.546E+01	2.3999618E-02
4.548E+01	2.0999664E-02
4.550E+01	9.9998410E-04
4.552E+01	-2.9999522E-02
4.554E+01	-4.8999220E-02
4.556E+01	-6.7998919E-02
4.558E+01	-7.1998851E-02
4.560E+01	-5.9999044E-02
4.562E+01	-4.6999249E-02
4.564E+01	-4.0999346E-02
4.566E+01	-3.5999426E-02
4.568E+01	-3.0999505E-02
4.570E+01	-2.4999602E-02
4.572E+01	-5.9999046E-03
4.574E+01	9.9998410E-03
4.576E+01	2.8999539E-02
4.578E+01	4.4999283E-02
4.580E+01	6.3998981E-02
4.582E+01	7.0998868E-02
4.584E+01	6.5998948E-02
4.586E+01	6.3998981E-02
4.588E+01	5.8999061E-02
4.590E+01	7.5998788E-02
4.592E+01	9.0998554E-02
4.594E+01	9.8998416E-02
4.596E+01	1.0699829E-01
4.598E+01	1.1199821E-01
4.600E+01	9.4998487E-02
4.602E+01	7.5998788E-02
4.604E+01	5.5999107E-02
4.606E+01	3.1999490E-02
4.608E+01	1.7999713E-02
4.610E+01	1.1999809E-02
4.612E+01	8.9998563E-03
4.614E+01	1.1999809E-02
4.616E+01	4.9999203E-03
4.618E+01	-3.9999363E-03
4.620E+01	-1.2999792E-02
4.622E+01	-2.2999633E-02
4.624E+01	-3.3999459E-02
4.626E+01	-4.5999266E-02
4.628E+01	-6.1999010E-02
4.630E+01	-6.3998981E-02
4.632E+01	-5.0999186E-02
4.634E+01	-3.5999426E-02
4.636E+01	-1.4999761E-02
4.638E+01	3.9999363E-03
4.640E+01	1.2999792E-02
4.642E+01	1.0999825E-02
4.644E+01	7.9998726E-03
4.646E+01	2.9999523E-03
4.648E+01	3.9999363E-03
4.650E+01	4.9999203E-03
4.652E+01	6.9998883E-03
4.654E+01	8.9998563E-03
4.656E+01	8.9998563E-03
4.658E+01	2.9999523E-03
4.660E+01	-9.9998410E-04
4.662E+01	-6.9998883E-03
4.664E+01	4.9999203E-03
4.666E+01	2.2999633E-02
4.668E+01	4.0999346E-02
4.670E+01	5.5999107E-02
4.672E+01	5.8999061E-02
4.674E+01	6.3998981E-02
4.676E+01	6.6998931E-02
4.678E+01	6.6998931E-02
4.680E+01	5.6999090E-02
4.682E+01	4.8999220E-02
4.684E+01	3.8999380E-02
4.686E+01	2.8999539E-02
4.688E+01	3.1999490E-02
4.690E+01	3.8999380E-02
4.692E+01	4.4999283E-02
4.694E+01	5.3999140E-02
4.696E+01	6.1999010E-02
4.698E+01	7.0998868E-02
4.700E+01	7.6998771E-02
4.702E+01	7.9998725E-02
4.704E+01	8.5998634E-02
4.706E+01	9.8998416E-02
4.708E+01	1.0299836E-01
4.710E+01	9.2998520E-02
4.712E+01	8.4998646E-02
4.714E+01	7.9998725E-02
4.716E+01	9.3998499E-02
4.718E+01	1.0399834E-01
4.720E+01	1.1999809E-01
4.722E+01	1.3199789E-01
4.724E+01	1.1999809E-01
4.726E+01	1.0999825E-01
4.728E+01	9.6998453E-02
4.730E+01	9.3998499E-02
4.732E+01	9.2998520E-02
4.734E+01	9.1998532E-02
4.736E+01	8.9998566E-02
4.738E+01	8.8998578E-02
4.740E+01	8.8998578E-02
4.742E+01	9.4998487E-02
4.744E+01	9.8998416E-02
4.746E+01	1.0599831E-01
4.748E+01	9.9998410E-02
4.750E+01	9.2998520E-02
4.752E+01	8.3998658E-02
4.754E+01	7.6998771E-02
4.756E+01	7.1998851E-02
4.758E+01	6.7998919E-02
4.760E+01	6.3998981E-02
4.762E+01	6.3998981E-02
4.764E+01	6.6998931E-02
4.766E+01	6.0999027E-02
4.768E+01	3.8999380E-02
4.770E+01	1.9999681E-02
4.772E+01	-3.9999363E-03
4.774E+01	-1.7999713E-02
4.776E+01	-2.4999602E-02
4.778E+01	-3.4999443E-02
4.780E+01	-3.6999411E-02
4.782E+01	-2.7999554E-02
4.784E+01	-1.9999681E-02
4.786E+01	-7.9998726E-03
4.788E+01	8.9998563E-03
4.790E+01	2.9999522E-02
4.792E+01	6.5998948E-02
4.794E+01	9.8998416E-02
4.796E+01	1.3499785E-01
4.798E+01	1.4799765E-01
4.800E+01	1.6199742E-01
4.802E+01	1.7299724E-01
4.804E+01	1.8099712E-01
4.806E+01	1.5799749E-01
4.808E+01	1.3599784E-01
4.810E+01	1.0899826E-01
4.812E+01	8.7998600E-02
4.814E+01	8.3998658E-02
4.816E+01	7.8998742E-02
4.818E+01	7.5998788E-02
4.820E+01	7.3998821E-02
4.822E+01	6.1999010E-02
4.824E+01	4.3999299E-02
4.826E+01	2.9999522E-02
4.828E+01	2.8999539E-02
4.830E+01	2.8999539E-02
4.832E+01	2.4999602E-02
4.834E+01	1.8999697E-02
4.836E+01	1.2999792E-02
4.838E+01	1.5999746E-02
4.840E+01	1.9999681E-02
4.842E+01	2.4999602E-02
4.844E+01	1.4999761E-02
4.846E+01	-1.9999682E-03
4.848E+01	-1.7999713E-02
4.850E+01	-3.6999411E-02
4.852E+01	-4.6999249E-02
4.854E+01	-5.7999078E-02
4.856E+01	-6.7998919E-02
4.858E+01	-7.6998771E-02
4.860E+01	-8.5998634E-02
4.862E+01	-8.9998566E-02
4.864E+01	-8.8998578E-02
4.866E+01	-8.5998634E-02
4.868E+01	-8.1998691E-02
4.870E+01	-7.7998759E-02
4.872E+01	-8.0998713E-02
4.874E+01	-8.4998646E-02
4.876E+01	-8.9998566E-02
4.878E+01	-9.0998554E-02
4.880E+01	-6.9998885E-02
4.882E+01	-5.1999169E-02
4.884E+01	-3.3999459E-02
4.886E+01	-1.8999697E-02
4.888E+01	-3.9999363E-03
4.890E+01	-2.9999523E-03
4.892E+01	-6.9998883E-03
4.894E+01	-2.9999523E-03
4.896E+01	6.9998883E-03
4.898E+01	1.4999761E-02
4.900E+01	7.9998726E-03
4.902E+01	-9.9998410E-04
4.904E+01	-9.9998410E-03
4.906E+01	-2.1999650E-02
4.908E+01	-3.5999426E-02
4.910E+01	-4.8999220E-02
4.912E+01	-6.1999010E-02
4.914E+01	-5.7999078E-02
4.916E+01	-5.4999124E-02
4.918E+01	-4.8999220E-02
4.920E+01	-4.3999299E-02
4.922E+01	-2.5999585E-02
4.924E+01	2.9999523E-03
4.926E+01	2.4999602E-02
4.928E+01	3.4999443E-02
4.930E+01	4.5999266E-02
4.932E+01	5.5999107E-02
4.934E+01	7.1998851E-02
4.936E+01	8.3998658E-02
4.938E+01	1.0199837E-01
4.940E+01	1.0399834E-01
4.942E+01	9.4998487E-02
4.944E+01	8.6998612E-02
4.946E+01	8.2998679E-02
4.948E+01	9.3998499E-02
4.950E+01	1.0599831E-01
4.952E+01	9.1998532E-02
4.954E+01	6.3998981E-02
4.956E+01	3.8999380E-02
4.958E+01	7.9998726E-03
4.960E+01	-2.1999650E-02
4.962E+01	-2.8999539E-02
4.964E+01	-2.0999664E-02
4.966E+01	-1.4999761E-02
4.968E+01	-5.9999046E-03
4.970E+01	-2.3999618E-02
4.972E+01	-3.7999394E-02
4.974E+01	-5.7999078E-02
4.976E+01	-6.4998965E-02
4.978E+01	-4.6999249E-02
4.980E+01	-3.7999394E-02
4.982E+01	-3.1999490E-02
4.984E+01	-2.5999585E-02
4.986E+01	-2.1999650E-02
4.988E+01	-3.0999505E-02
4.990E+01	-3.9999363E-02
4.992E+01	-4.8999220E-02
4.994E+01	-6.0999027E-02
4.996E+01	-6.3998981E-02
4.998E+01	-5.2999157E-02
5.000E+01	-4.7999237E-02
5.002E+01	-3.7999394E-02
5.004E+01	-3.4999443E-02
5.006E+01	-4.5999266E-02
5.008E+01	-4.3999299E-02
5.010E+01	-3.3999459E-02
5.012E+01	-2.6999571E-02
5.014E+01	-1.4999761E-02
5.016E+01	-4.9999203E-03
5.018E+01	5.9999046E-03
5.020E+01	1.2999792E-02
5.022E+01	9.9998410E-03
5.024E+01	8.9998563E-03
5.026E+01	4.9999203E-03
5.028E+01	-2.9999523E-03
5.030E+01	-1.0999825E-02
5.032E+01	-1.4999761E-02
5.034E+01	-1.7999713E-02
5.036E+01	-2.0999664E-02
5.038E+01	-2.3999618E-02
5.040E+01	-2.6999571E-02
5.042E+01	-3.5999426E-02
5.044E+01	-4.5999266E-02
5.046E+01	-5.5999107E-02
5.048E+01	-7.1998851E-02
5.050E+01	-8.3998658E-02
5.052E+01	-1.0099839E-01
5.054E+01	-9.9998410E-02
5.056E+01	-8.8998578E-02
5.058E+01	-4.6999249E-02
5.060E+01	-6.8998902E-02
5.062E+01	-1.2999793E-01
5.064E+01	-1.7899714E-01
5.066E+01	-2.3299628E-01
5.068E+01	-2.1999649E-01
5.070E+01	-2.2499641E-01
5.072E+01	-1.9599688E-01
5.074E+01	-1.3099792E-01
5.076E+01	-6.3998981E-02
5.078E+01	1.9999682E-03
5.080E+01	8.1998691E-02
5.082E+01	7.9998725E-02
5.084E+01	3.7999394E-02
5.086E+01	5.8999061E-02
5.088E+01	5.9999046E-03
5.090E+01	-4.9999203E-02
5.092E+01	-1.0599831E-01
5.094E+01	-1.5999745E-01
5.096E+01	-1.6099744E-01
5.098E+01	-1.4099776E-01
5.100E+01	-1.1999809E-01
5.102E+01	-9.1998532E-02
5.104E+01	-6.3998981E-02
5.106E+01	-8.3998658E-02
5.108E+01	-7.8998742E-02
5.110E+01	9.9998410E-04
5.112E+01	5.0999186E-02
5.114E+01	1.3999777E-01
5.116E+01	1.3199789E-01
5.118E+01	5.0999186E-02
5.120E+01	-1.0999825E-02
5.122E+01	-9.4998487E-02
5.124E+01	-4.8999220E-02
5.126E+01	-7.9998726E-03
5.128E+01	4.9999203E-02
5.130E+01	1.0099839E-01
5.132E+01	1.1199821E-01
5.134E+01	1.3599784E-01
5.136E+01	1.0899826E-01
5.138E+01	5.9999044E-02
5.140E+01	2.1999650E-02
5.142E+01	4.9999203E-02
5.144E+01	6.8998902E-02
5.146E+01	6.9998885E-02
5.148E+01	8.1998691E-02
5.150E+01	8.5998634E-02
5.152E+01	9.7998440E-02
5.154E+01	1.3599784E-01
5.156E+01	1.3099792E-01
5.158E+01	8.6998612E-02
5.160E+01	4.7999237E-02
5.162E+01	2.1999650E-02
5.164E+01	3.2999473E-02
5.166E+01	3.2999473E-02
5.168E+01	4.7999237E-02
5.170E+01	4.6999249E-02
5.172E+01	4.0999346E-02
5.174E+01	3.5999426E-02
5.176E+01	2.9999522E-02
5.178E+01	4.3999299E-02
5.180E+01	5.5999107E-02
5.182E+01	7.2998838E-02
5.184E+01	7.9998725E-02
5.186E+01	7.7998759E-02
5.188E+01	7.6998771E-02
5.190E+01	8.0998713E-02
5.192E+01	9.5998474E-02
5.194E+01	1.0799828E-01
5.196E+01	1.1999809E-01
5.198E+01	1.0899826E-01
5.200E+01	9.7998440E-02
5.202E+01	8.1998691E-02
5.204E+01	5.3999140E-02
5.206E+01	1.9999681E-02
5.208E+01	-1.3999776E-02
5.210E+01	-3.7999394E-02
5.212E+01	-1.3999776E-02
5.214E+01	5.9999046E-03
5.216E+01	1.5999746E-02
5.218E+01	-1.0999825E-02
5.220E+01	-2.9999522E-02
5.222E+01	-5.1999169E-02
5.224E+01	-4.4999283E-02
5.226E+01	-5.5999107E-02
5.228E+01	-5.4999124E-02
5.230E+01	-4.5999266E-02
5.232E+01	-4.1999329E-02
5.234E+01	-3.2999473E-02
5.236E+01	-3.1999490E-02
5.238E+01	-3.0999505E-02
5.240E+01	-2.4999602E-02
5.242E+01	2.4999602E-02
5.244E+01	8.9998563E-03
5.246E+01	-2.0999664E-02
5.248E+01	-3.2999473E-02
5.250E+01	-3.9999363E-02
5.252E+01	-4.0999346E-02
5.254E+01	-2.9999522E-02
5.256E+01	-2.3999618E-02
5.258E+01	-1.3999776E-02
5.260E+01	-5.9999046E-03
5.262E+01	3.9999363E-03
5.264E+01	1.1999809E-02
5.266E+01	2.0999664E-02
5.268E+01	3.0999505E-02
5.270E+01	2.6999571E-02
5.272E+01	1.0999825E-02
5.274E+01	8.9998563E-03
5.276E+01	1.0999825E-02
5.278E+01	1.3999776E-02
5.280E+01	1.7999713E-02
5.282E+01	2.2999633E-02
5.284E+01	2.9999522E-02
5.286E+01	4.4999283E-02
5.288E+01	5.6999090E-02
5.290E+01	7.3998821E-02
5.292E+01	7.4998805E-02
5.294E+01	6.2998998E-02
5.296E+01	5.6999090E-02
5.298E+01	4.3999299E-02
5.300E+01	3.2999473E-02
5.302E+01	2.0999664E-02
5.304E+01	2.0999664E-02
5.306E+01	2.5999585E-02
5.308E+01	2.3999618E-02
5.310E+01	1.4999761E-02
5.312E+01	-1.3999776E-02
5.314E+01	-5.3999140E-02
5.316E+01	-9.0998554E-02
5.318E+01	-1.3499785E-01
5.320E+01	-1.1999809E-01
5.322E+01	-7.7998759E-02
5.324E+01	-4.5999266E-02
5.326E+01	7.9998726E-03
5.328E+01	1.2999792E-02
5.330E+01	-1.2999792E-02
5.332E+01	-2.6999571E-02
5.334E+01	-5.7999078E-02
5.336E+01	-4.8999220E-02
5.338E+01	-5.1999169E-02
5.340E+01	-3.5999426E-02
5.342E+01	-4.2999316E-02
5.344E+01	-3.3999459E-02
5.346E+01	-2.3999618E-02
